Symbol,Datetime,Action,Price,Shares,Cash_Remaining,Market_VWAP,Slippage,Participation_Rate
JNJ,2025-04-21 13:45:00+00:00,BUY,157.545,42.0,49.77666666666755,157.545,0.0,0.003963385863923752
JNJ,2025-04-21 13:48:00+00:00,SELL,157.6,42.0,6668.976666666667,157.6,0.0,0.006085192697768763
JNJ,2025-04-21 13:53:00+00:00,BUY,157.7,42.0,45.57666666666773,157.7,0.0,0.007948523845571537
JNJ,2025-04-21 14:11:00+00:00,SELL,157.675,42.0,6667.926666666668,157.675,0.0,0.005736921185630378
JNJ,2025-04-21 14:25:00+00:00,BUY,157.78,42.0,41.16666666666788,157.78,0.0,0.0047377326565143825
JNJ,2025-04-21 14:46:00+00:00,SELL,157.7,42.0,6664.566666666668,157.7,0.0,0.0036275695284159614
JNJ,2025-04-21 15:22:00+00:00,BUY,157.37,42.0,55.02666666666755,157.37,0.0,0.005112598904443092
JNJ,2025-04-21 15:38:00+00:00,SELL,157.52,42.0,6670.866666666668,157.52,0.0,0.011119936457505957
JNJ,2025-04-21 16:34:00+00:00,BUY,156.75,42.0,87.3666666666677,156.75,0.0,0.004357298474945534
JNJ,2025-04-21 16:49:00+00:00,SELL,156.68,42.0,6667.926666666668,156.68,0.0,0.005987170349251603
JNJ,2025-04-21 18:19:00+00:00,BUY,155.8,42.0,124.32666666666772,155.8,0.0,0.004223652453740949
JNJ,2025-04-21 18:44:00+00:00,SELL,156.16,42.0,6683.046666666668,156.16,0.0,0.004234724742891712
JNJ,2025-04-21 19:15:00+00:00,BUY,156.085,42.0,127.47666666666736,156.085,0.0,0.002048580626280363
JNJ,2025-04-21 19:30:00+00:00,SELL,156.11,42.0,6684.096666666668,156.11,0.0,0.002783115764362865
JNJ,2025-04-21 19:37:00+00:00,BUY,156.32,42.0,118.65666666666856,156.32,0.0,0.0014393420150788211
JNJ,2025-04-22 11:57:00+00:00,SELL,156.92,42.0,6709.296666666668,156.92,0.0,0.22580645161290322
JNJ,2025-04-22 12:00:00+00:00,BUY,157.39,42.0,98.9166666666688,157.39,0.0,0.06306306306306306
JNJ,2025-04-22 13:53:00+00:00,SELL,157.825,42.0,6727.566666666668,157.825,0.0,0.0023059185242121443
JNJ,2025-04-22 14:01:00+00:00,BUY,158.065,42.0,88.83666666666886,158.065,0.0,0.0030146425495262705
JNJ,2025-04-22 14:16:00+00:00,SELL,158.13,42.0,6730.296666666669,158.13,0.0,0.0034406488080609486
JNJ,2025-04-22 14:25:00+00:00,BUY,158.26,42.0,83.37666666666883,158.26,0.0,0.006085192697768763
JNJ,2025-04-22 14:29:00+00:00,SELL,158.17,42.0,6726.516666666668,158.17,0.0,0.0053639846743295016
JNJ,2025-04-22 14:33:00+00:00,BUY,158.27,42.0,79.1766666666681,158.27,0.0,0.006211180124223602
JNJ,2025-04-22 14:54:00+00:00,SELL,158.5,42.0,6736.176666666668,158.5,0.0,0.0022860875244937948
JNJ,2025-04-22 14:57:00+00:00,BUY,158.555,42.0,76.8666666666677,158.555,0.0,0.0035087719298245615
JNJ,2025-04-22 15:02:00+00:00,SELL,158.4025,42.0,6729.771666666667,158.4025,0.0,0.005956601900439654
JNJ,2025-04-22 15:28:00+00:00,BUY,157.95,42.0,95.8716666666678,157.95,0.0,0.0025678650036683784
JNJ,2025-04-22 15:44:00+00:00,SELL,157.935,42.0,6729.141666666668,157.935,0.0,0.0036197535120227526
JNJ,2025-04-22 15:57:00+00:00,BUY,158.0,42.0,93.14166666666824,158.0,0.0,0.0043397396156230625
JNJ,2025-04-22 16:08:00+00:00,SELL,157.88,42.0,6724.101666666668,157.88,0.0,0.004370902279113331
JNJ,2025-04-22 16:34:00+00:00,BUY,157.36,42.0,114.98166666666748,157.36,0.0,0.004348726444398426
JNJ,2025-04-22 16:39:00+00:00,SELL,157.25,42.0,6719.481666666668,157.25,0.0,0.006269592476489028
JNJ,2025-04-22 16:42:00+00:00,BUY,157.331,42.0,111.57966666666834,157.331,0.0,0.008980115458627326
JNJ,2025-04-22 17:00:00+00:00,SELL,157.32,42.0,6719.019666666668,157.32,0.0,0.0011673476194446761
JNJ,2025-04-22 17:24:00+00:00,BUY,156.95,42.0,127.11966666666832,156.95,0.0,0.0051654163079572005
JNJ,2025-04-22 17:34:00+00:00,SELL,156.54,42.0,6701.799666666668,156.54,0.0,0.0007209557813787421
JNJ,2025-04-22 18:04:00+00:00,BUY,156.64,42.0,122.91966666666848,156.64,0.0,0.005906342286598228
JNJ,2025-04-22 18:55:00+00:00,SELL,157.57,42.0,6740.859666666668,157.56999999999996,1.1937117960769683e-12,0.002749230869935197
JNJ,2025-04-22 19:27:00+00:00,BUY,157.3,42.0,134.25966666666773,157.3,0.0,0.0023212114513098264
JNJ,2025-04-22 19:54:00+00:00,SELL,157.565,42.0,6751.989666666667,157.565,0.0,0.0011925719802373786
JNJ,2025-04-22 19:57:00+00:00,BUY,157.79,42.0,124.80966666666792,157.79,0.0,0.0007366094917394507
JNJ,2025-04-22 20:01:00+00:00,SELL,157.01,42.0,6719.229666666668,157.01,0.0,0.013797634691195795
JNJ,2025-04-22 21:19:00+00:00,BUY,158.58,42.0,58.8696666666674,158.58,0.0,0.04767309875141884
JNJ,2025-04-23 13:28:00+00:00,SELL,156.66,42.0,6638.589666666668,156.66,0.0,0.0625
JNJ,2025-04-23 13:58:00+00:00,BUY,155.89,42.0,91.20966666666844,155.89000000000001,-1.1937117960769683e-12,0.0015378418952070594
JNJ,2025-04-23 14:16:00+00:00,SELL,155.75,42.0,6632.709666666668,155.75,0.0,0.0013232514177693763
JNJ,2025-04-23 14:24:00+00:00,BUY,156.4212,42.0,63.01926666666896,156.4212,0.0,0.002029573789504204
JNJ,2025-04-23 14:52:00+00:00,SELL,156.505,42.0,6636.229266666669,156.505,0.0,0.0023459755348265656
JNJ,2025-04-23 15:37:00+00:00,BUY,155.54,42.0,103.5492666666696,155.54,0.0,0.002147239263803681
JNJ,2025-04-23 15:47:00+00:00,SELL,155.325,42.0,6627.199266666669,155.325,0.0,0.007110208227526663
JNJ,2025-04-23 15:54:00+00:00,BUY,155.635,42.0,90.52926666666916,155.635,0.0,0.0034038414782397277
JNJ,2025-04-23 16:10:00+00:00,SELL,155.79,42.0,6633.709266666669,155.78999999999996,1.1937117960769683e-12,0.0026917900403768506
JNJ,2025-04-23 16:33:00+00:00,BUY,155.305,42.0,110.89926666666815,155.305,0.0,0.002982107355864811
JNJ,2025-04-23 16:43:00+00:00,SELL,155.21,42.0,6629.719266666669,155.21,0.0,0.00775623268698061
JNJ,2025-04-23 16:55:00+00:00,BUY,155.29,42.0,107.5392666666694,155.29,0.0,0.0036363636363636364
JNJ,2025-04-23 17:15:00+00:00,SELL,155.38,42.0,6633.499266666669,155.38,0.0,0.003017674953297888
JNJ,2025-04-23 17:51:00+00:00,BUY,154.845,42.0,130.00926666666965,154.845,0.0,0.0035344609946983086
JNJ,2025-04-23 18:18:00+00:00,SELL,154.965,42.0,6638.539266666669,154.965,0.0,0.004976303317535545
JNJ,2025-04-23 18:55:00+00:00,BUY,154.695,42.0,141.3492666666698,154.695,0.0,0.004191616766467066
JNJ,2025-04-23 19:02:00+00:00,SELL,154.5201,42.0,6631.19346666667,154.5201,0.0,0.0033436828278003345
JNJ,2025-04-23 19:17:00+00:00,BUY,154.59,42.0,138.4134666666705,154.59,0.0,0.0022732193115392943
JNJ,2025-04-23 19:46:00+00:00,SELL,154.81,42.0,6640.433466666671,154.81,0.0,0.0020717210082375572
JNJ,2025-04-23 19:52:00+00:00,BUY,155.25,42.0,119.93346666667094,155.25,0.0,0.0010468072379243307
JNJ,2025-04-23 21:09:00+00:00,SELL,155.2,42.0,6638.333466666671,155.2,0.0,0.42
JNJ,2025-04-24 09:41:00+00:00,BUY,155.44,42.0,109.853466666671,155.44,0.0,0.26582278481012656
JNJ,2025-04-24 12:25:00+00:00,SELL,155.0125,42.0,6620.378466666671,155.0125,0.0,0.4
JNJ,2025-04-24 13:02:00+00:00,BUY,155.5,42.0,89.37846666667065,155.5,0.0,0.105
JNJ,2025-04-24 13:33:00+00:00,SELL,154.41,42.0,6574.598466666671,154.41,0.0,0.008092485549132947
JNJ,2025-04-24 13:50:00+00:00,BUY,154.35,42.0,91.89846666667108,154.35,0.0,0.0031101895734597157
JNJ,2025-04-24 14:01:00+00:00,SELL,153.87,42.0,6554.438466666671,153.87,0.0,0.00208592003973181
JNJ,2025-04-24 14:15:00+00:00,BUY,154.06,42.0,83.91846666667061,154.06,0.0,0.001866832607342875
JNJ,2025-04-24 14:43:00+00:00,SELL,154.735,42.0,6582.788466666671,154.735,0.0,0.0016208080886041755
JNJ,2025-04-24 14:58:00+00:00,BUY,154.59,42.0,90.00846666667167,154.59,0.0,0.0030814380044020544
JNJ,2025-04-24 15:09:00+00:00,SELL,154.43,42.0,6576.068466666672,154.43,0.0,0.0018818890581593333
JNJ,2025-04-24 15:13:00+00:00,BUY,154.65,42.0,80.76846666667188,154.65,0.0,0.004206309464196294
JNJ,2025-04-24 15:30:00+00:00,SELL,154.595,42.0,6573.758466666672,154.595,0.0,0.007552598453515555
JNJ,2025-04-24 15:35:00+00:00,BUY,154.69,42.0,76.7784666666721,154.69,0.0,0.005363299706295492
JNJ,2025-04-24 15:40:00+00:00,SELL,154.52,42.0,6566.618466666672,154.52,0.0,0.003284585907562368
JNJ,2025-04-24 15:54:00+00:00,BUY,154.63,42.0,72.15846666667221,154.63,0.0,0.005174325489712948
JNJ,2025-04-24 16:08:00+00:00,SELL,154.4707,42.0,6559.927866666672,154.4707,0.0,0.008193523214982443
JNJ,2025-04-24 16:15:00+00:00,BUY,154.685,42.0,63.15786666667191,154.685,0.0,0.01123896173401124
JNJ,2025-04-24 16:27:00+00:00,SELL,154.585,42.0,6555.7278666666725,154.585,0.0,0.004121283485428319
JNJ,2025-04-24 16:50:00+00:00,BUY,154.38,42.0,71.76786666667249,154.38,0.0,0.004640371229698376
JNJ,2025-04-24 17:02:00+00:00,SELL,154.34,42.0,6554.047866666672,154.34,0.0,0.0053475935828877
JNJ,2025-04-24 17:37:00+00:00,BUY,153.932,42.0,88.90386666667291,153.932,0.0,0.00492842055855433
JNJ,2025-04-24 18:22:00+00:00,SELL,154.405,42.0,6573.913866666673,154.405,0.0,0.0049186087363859935
JNJ,2025-04-24 18:32:00+00:00,BUY,154.56,42.0,82.3938666666727,154.56,0.0,0.003045243619489559
JNJ,2025-04-24 18:58:00+00:00,SELL,154.73,42.0,6581.053866666673,154.73,0.0,0.004530744336569579
JNJ,2025-04-24 19:17:00+00:00,BUY,154.71,42.0,83.23386666667193,154.71,0.0,0.002796644027167399
JNJ,2025-04-24 19:36:00+00:00,SELL,154.705,42.0,6580.8438666666725,154.705,0.0,0.002545917439534461
JNJ,2025-04-24 19:38:00+00:00,BUY,154.8,42.0,79.24386666667215,154.8,0.0,0.0030303030303030303
JNJ,2025-04-24 19:55:00+00:00,SELL,154.9,42.0,6585.043866666672,154.9,0.0,0.0006386958439149014
JNJ,2025-04-24 19:56:00+00:00,BUY,154.91,42.0,78.82386666667207,154.91,0.0,0.0006648936170212766
JNJ,2025-04-24 19:57:00+00:00,SELL,154.83,42.0,6581.683866666673,154.83,0.0,0.0005584066796075199
JNJ,2025-04-25 13:27:00+00:00,BUY,154.9599,42.0,73.36806666667235,154.9599,0.0,0.013797634691195795
JNJ,2025-04-25 13:28:00+00:00,SELL,154.0,42.0,6541.368066666672,154.0,0.0,0.011731843575418994
JNJ,2025-04-25 14:04:00+00:00,BUY,153.35,42.0,100.66806666667252,153.35,0.0,0.0005330219808112087
JNJ,2025-04-25 14:16:00+00:00,SELL,153.3,42.0,6539.268066666673,153.3,0.0,0.0017790579464588274
JNJ,2025-04-25 14:34:00+00:00,BUY,153.135,42.0,107.59806666667282,153.135,0.0,0.0010120481927710842
JNJ,2025-04-25 15:17:00+00:00,SELL,153.645,42.0,6560.688066666673,153.645,0.0,0.002000571591883395
JNJ,2025-04-25 15:48:00+00:00,BUY,153.51,42.0,113.2680666666729,153.51,0.0,0.002126151665485471
JNJ,2025-04-25 16:17:00+00:00,SELL,153.835,42.0,6574.3380666666735,153.835,0.0,0.00023514394168430247
JNJ,2025-04-25 16:28:00+00:00,BUY,153.85,42.0,112.6380666666737,153.85,0.0,0.0008444247858780007
JNJ,2025-04-25 16:32:00+00:00,SELL,153.7,42.0,6568.038066666673,153.7,0.0,0.0023592854735422987
JNJ,2025-04-25 16:49:00+00:00,BUY,153.64,42.0,115.15806666667412,153.64,0.0,0.0017060687301974165
JNJ,2025-04-25 17:19:00+00:00,SELL,153.7617,42.0,6573.149466666674,153.7617,0.0,0.002251045128095187
JNJ,2025-04-25 17:48:00+00:00,BUY,153.625,42.0,120.89946666667402,153.625,0.0,0.0037240645504522077
JNJ,2025-04-25 17:51:00+00:00,SELL,153.47,42.0,6566.639466666674,153.47,0.0,0.00228310502283105
JNJ,2025-04-25 18:04:00+00:00,BUY,153.635,42.0,113.96946666667372,153.635,0.0,0.0007445752375549567
JNJ,2025-04-25 18:37:00+00:00,SELL,154.09,42.0,6585.7494666666735,154.09,0.0,0.002524645347439288
JNJ,2025-04-25 19:01:00+00:00,BUY,154.06,42.0,115.22946666667303,154.06,0.0,0.002015355086372361
JNJ,2025-04-25 19:20:00+00:00,SELL,153.99,42.0,6582.809466666673,153.99,0.0,0.0007329842931937172
JNJ,2025-04-25 19:42:00+00:00,BUY,153.935,42.0,117.53946666667252,153.935,0.0,0.0010574550581600281
JNJ,2025-04-25 22:11:00+00:00,SELL,153.8999,42.0,6581.335266666672,153.8999,0.0,0.21
JNJ,2025-04-28 13:23:00+00:00,BUY,154.72,42.0,83.09526666667261,154.72,0.0,0.07835820895522388
JNJ,2025-04-28 13:44:00+00:00,SELL,154.595,42.0,6576.085266666672,154.595,0.0,0.0018934271030565323
JNJ,2025-04-28 14:13:00+00:00,BUY,154.32,42.0,94.6452666666728,154.32,0.0,0.008457511075312122
JNJ,2025-04-28 14:31:00+00:00,SELL,154.275,42.0,6574.195266666673,154.275,0.0,0.0019364654894185992
JNJ,2025-04-28 14:40:00+00:00,BUY,154.66,42.0,78.47526666667272,154.66,0.0,0.01011804384485666
JNJ,2025-04-28 15:12:00+00:00,SELL,155.14,42.0,6594.355266666672,155.14,0.0,0.010835913312693499
JNJ,2025-04-28 15:20:00+00:00,BUY,155.35,42.0,69.6552666666721,155.35,0.0,0.003189792663476874
JNJ,2025-04-28 15:34:00+00:00,SELL,155.1029,42.0,6583.977066666673,155.1029,0.0,0.005965061780997018
JNJ,2025-04-28 15:42:00+00:00,BUY,155.245,42.0,63.68706666667276,155.245,0.0,0.008502024291497975
JNJ,2025-04-28 15:45:00+00:00,SELL,155.135,42.0,6579.357066666673,155.135,0.0,0.004614370468029005
JNJ,2025-04-28 15:49:00+00:00,BUY,155.28,42.0,57.59706666667262,155.28,0.0,0.008737258165175786
JNJ,2025-04-28 15:57:00+00:00,SELL,155.11,42.0,6572.217066666673,155.11,0.0,0.005240828550037434
JNJ,2025-04-28 16:12:00+00:00,BUY,155.125,42.0,56.96706666667342,155.125,0.0,0.005526315789473684
JNJ,2025-04-28 16:24:00+00:00,SELL,155.165,42.0,6573.897066666673,155.165,0.0,0.004323656578134651
JNJ,2025-04-28 17:03:00+00:00,BUY,155.07,42.0,60.9570666666732,155.07,0.0,0.00938337801608579
JNJ,2025-04-28 17:16:00+00:00,SELL,154.98,42.0,6570.117066666673,154.98,0.0,0.008704663212435234
JNJ,2025-04-28 17:40:00+00:00,BUY,154.9,42.0,64.31706666667287,154.9,0.0,0.004536616979909268
JNJ,2025-04-28 17:55:00+00:00,SELL,154.92,42.0,6570.957066666672,154.92,0.0,0.007851934941110488
JNJ,2025-04-28 18:00:00+00:00,BUY,154.9687,42.0,62.27166666667199,154.9687,0.0,0.01201716738197425
JNJ,2025-04-28 18:14:00+00:00,SELL,154.97,42.0,6571.011666666672,154.97,0.0,0.007717750826901874
JNJ,2025-04-28 18:27:00+00:00,BUY,155.145,42.0,54.921666666671626,155.145,0.0,0.00418368363382807
JNJ,2025-04-28 18:43:00+00:00,SELL,155.1,42.0,6569.121666666671,155.1,0.0,0.0034182469276471065
JNJ,2025-04-28 19:04:00+00:00,BUY,155.0567,42.0,56.74026666667123,155.0567,0.0,0.00979934671021932
JNJ,2025-04-28 19:38:00+00:00,SELL,155.155,42.0,6573.250266666671,155.155,0.0,0.0019563090968373
JNJ,2025-04-28 19:46:00+00:00,BUY,155.43,42.0,45.19026666667105,155.42999999999998,1.1937117960769683e-12,0.003043037240979568
JNJ,2025-04-28 20:32:00+00:00,SELL,155.35,42.0,6569.890266666671,155.35,0.0,0.0028567541831043394
JNJ,2025-04-29 12:41:00+00:00,BUY,155.57,42.0,35.95026666667127,155.57,0.0,0.32061068702290074
JNJ,2025-04-29 13:21:00+00:00,SELL,154.98,42.0,6545.110266666671,154.98,0.0,0.4158415841584158
JNJ,2025-04-29 13:37:00+00:00,BUY,155.535,42.0,12.640266666670868,155.535,0.0,0.0065116279069767444
JNJ,2025-04-29 13:55:00+00:00,SELL,155.35,42.0,6537.340266666671,155.35,0.0,0.007028112449799197
JNJ,2025-04-29 14:00:00+00:00,BUY,155.58,42.0,2.9802666666701043,155.58,0.0,0.0026983617089624155
JNJ,2025-04-29 14:23:00+00:00,SELL,155.69,42.0,6541.96026666667,155.69,0.0,0.008656224237427864
JNJ,2025-04-29 14:31:00+00:00,BUY,155.88,41.0,150.88026666666974,155.88,0.0,0.006902356902356902
JNJ,2025-04-29 15:08:00+00:00,SELL,156.58,41.0,6570.66026666667,156.58000000000004,-1.1652900866465643e-12,0.005826346454455024
JNJ,2025-04-29 15:28:00+00:00,BUY,156.44,42.0,0.1802666666708319,156.44,0.0,0.0036414080110976246
JNJ,2025-04-29 15:36:00+00:00,SELL,156.26,42.0,6563.100266666671,156.26,0.0,0.0019543064538644086
JNJ,2025-04-29 15:47:00+00:00,BUY,156.35,41.0,152.75026666667145,156.35,0.0,0.007941119504164245
JNJ,2025-04-29 15:55:00+00:00,SELL,156.285,41.0,6560.435266666671,156.285,0.0,0.0071490845684394075
JNJ,2025-04-29 16:03:00+00:00,BUY,156.49,41.0,144.3452666666708,156.49,0.0,0.016167192429022082
JNJ,2025-04-29 16:34:00+00:00,SELL,156.59,41.0,6564.535266666671,156.59,0.0,0.006890756302521009
JNJ,2025-04-29 17:07:00+00:00,BUY,156.135,42.0,6.865266666671232,156.135,0.0,0.014608695652173913
JNJ,2025-04-29 17:55:00+00:00,SELL,156.495,42.0,6579.655266666671,156.495,0.0,0.0029623360135421074
JNJ,2025-04-29 17:59:00+00:00,BUY,156.57,42.0,3.715266666671596,156.57,0.0,0.004119666503187837
JNJ,2025-04-29 18:08:00+00:00,SELL,156.47,42.0,6575.455266666671,156.47,0.0,0.00764748725418791
JNJ,2025-04-29 18:31:00+00:00,BUY,156.42,42.0,5.81526666667196,156.42000000000002,-1.1937117960769683e-12,0.012342051131354687
JNJ,2025-04-29 18:46:00+00:00,SELL,156.4,42.0,6574.615266666672,156.4,0.0,0.00858193706579485
JNJ,2025-04-29 19:14:00+00:00,BUY,156.16,42.0,15.895266666671889,156.16,0.0,0.003856749311294766
JNJ,2025-04-29 19:19:00+00:00,SELL,156.11,42.0,6572.515266666673,156.11,0.0,0.002289826627412496
JNJ,2025-04-29 19:45:00+00:00,BUY,156.055,42.0,18.205266666672287,156.055,0.0,0.0027875489480321232
JNJ,2025-04-29 19:55:00+00:00,SELL,155.925,42.0,6567.055266666673,155.925,0.0,0.0007513282409974777
JNJ,2025-04-30 11:58:00+00:00,BUY,156.72,41.0,141.53526666667312,156.72,0.0,0.06699346405228758
JNJ,2025-04-30 13:35:00+00:00,SELL,156.63,41.0,6563.365266666673,156.63,0.0,0.0010930418555051987
JNJ,2025-04-30 14:13:00+00:00,BUY,155.41,42.0,36.1452666666728,155.41,0.0,0.004545454545454545
JNJ,2025-04-30 14:16:00+00:00,SELL,155.3,42.0,6558.745266666673,155.3,0.0,0.0014218009478672985
JNJ,2025-04-30 14:26:00+00:00,BUY,155.34,42.0,34.465266666673415,155.34,0.0,0.0020697811945594325
JNJ,2025-04-30 14:36:00+00:00,SELL,155.275,42.0,6556.015266666674,155.275,0.0,0.0021465808034345293
JNJ,2025-04-30 14:40:00+00:00,BUY,155.45,42.0,27.11526666667396,155.45,0.0,0.0018018018018018018
JNJ,2025-04-30 15:16:00+00:00,SELL,155.73,42.0,6567.775266666674,155.73,0.0,0.00398255262658828
JNJ,2025-04-30 15:22:00+00:00,BUY,155.995,42.0,15.985266666673851,155.995,0.0,0.0022943297279580466
JNJ,2025-04-30 15:25:00+00:00,SELL,155.715,42.0,6556.015266666674,155.715,0.0,0.0015236160487557136
JNJ,2025-04-30 15:51:00+00:00,BUY,155.635,42.0,19.345266666673524,155.635,0.0,0.0027472527472527475
JNJ,2025-04-30 15:53:00+00:00,SELL,155.57,42.0,6553.285266666673,155.57,0.0,0.004861111111111111
JNJ,2025-04-30 16:04:00+00:00,BUY,155.66,42.0,15.56526666667287,155.66,0.0,0.005210918114143921
JNJ,2025-04-30 16:23:00+00:00,SELL,155.63,42.0,6552.025266666673,155.63,0.0,0.005219985085756898
JNJ,2025-04-30 16:39:00+00:00,BUY,155.865,42.0,5.695266666672978,155.865,0.0,0.0018169233431389513
JNJ,2025-04-30 16:50:00+00:00,SELL,155.7,42.0,6545.095266666673,155.7,0.0,0.0016973811833171678
JNJ,2025-04-30 17:02:00+00:00,BUY,155.75,42.0,3.5952666666726145,155.75,0.0,0.004348726444398426
JNJ,2025-04-30 17:05:00+00:00,SELL,155.66,42.0,6541.315266666673,155.66,0.0,0.003737985048059808
JNJ,2025-04-30 17:20:00+00:00,BUY,155.675,42.0,2.9652666666725054,155.675,0.0,0.009271523178807948
JNJ,2025-04-30 17:59:00+00:00,SELL,155.85,42.0,6548.665266666672,155.85,0.0,0.008955223880597015
JNJ,2025-04-30 18:08:00+00:00,BUY,155.985,41.0,153.2802666666721,155.985,0.0,0.0032565528196981733
JNJ,2025-04-30 18:22:00+00:00,SELL,155.89,41.0,6544.770266666672,155.89,0.0,0.00516242760010073
JNJ,2025-04-30 18:49:00+00:00,BUY,155.645,42.0,7.680266666671741,155.645,0.0,0.002973661852166525
JNJ,2025-04-30 18:55:00+00:00,SELL,155.59,42.0,6542.460266666672,155.59,0.0,0.0008138588536216719
JNJ,2025-04-30 19:02:00+00:00,BUY,155.6788,42.0,3.9506666666720776,155.6788,0.0,0.0022290627321940345
JNJ,2025-04-30 19:22:00+00:00,SELL,155.645,42.0,6541.040666666672,155.645,0.0,0.0006034656168280698
JNJ,2025-04-30 19:45:00+00:00,BUY,155.5444,42.0,8.175866666672846,155.5444,0.0,0.0008872739563968227
JNJ,2025-04-30 22:19:00+00:00,SELL,154.91,42.0,6514.395866666673,154.91,0.0,0.011712214166201896
JNJ,2025-05-01 09:09:00+00:00,BUY,156.6,41.0,93.79586666667365,156.6,0.0,0.06602254428341385
JNJ,2025-05-01 10:50:00+00:00,SELL,155.2,41.0,6456.9958666666735,155.2,0.0,0.140893470790378
JNJ,2025-05-01 13:54:00+00:00,BUY,154.34,41.0,129.05586666667296,154.34,0.0,0.0052096569250317665
JNJ,2025-05-01 14:31:00+00:00,SELL,154.77,41.0,6474.625866666674,154.77,0.0,0.005199746353836398
JNJ,2025-05-01 14:39:00+00:00,BUY,155.03,41.0,118.3958666666731,155.03,0.0,0.007399386392347952
JNJ,2025-05-01 14:50:00+00:00,SELL,154.845,41.0,6467.040866666673,154.845,0.0,0.0057665260196905765
JNJ,2025-05-01 14:53:00+00:00,BUY,155.04,41.0,110.4008666666732,155.04,0.0,0.0019620041154232667
JNJ,2025-05-01 14:58:00+00:00,SELL,154.795,41.0,6456.995866666673,154.795,0.0,0.006241437052823869
JNJ,2025-05-01 15:26:00+00:00,BUY,154.7,41.0,114.29586666667274,154.7,0.0,0.008999122036874451
JNJ,2025-05-01 15:31:00+00:00,SELL,154.4525,41.0,6446.8483666666725,154.4525,0.0,0.004112749523522921
JNJ,2025-05-01 15:37:00+00:00,BUY,154.62,41.0,107.42836666667245,154.62,0.0,0.010630023334197563
JNJ,2025-05-01 15:40:00+00:00,SELL,154.485,41.0,6441.313366666673,154.485,0.0,0.009761904761904762
JNJ,2025-05-01 15:46:00+00:00,BUY,154.56,41.0,104.35336666667264,154.56,0.0,0.004468177855274629
JNJ,2025-05-01 15:47:00+00:00,SELL,154.47,41.0,6437.623366666672,154.47,0.0,0.004977540366638339
JNJ,2025-05-01 16:09:00+00:00,BUY,154.3174,41.0,110.60996666667234,154.3174,0.0,0.004765225476522548
JNJ,2025-05-01 16:12:00+00:00,SELL,154.23,41.0,6434.039966666672,154.23,0.0,0.005251024590163934
JNJ,2025-05-01 16:28:00+00:00,BUY,154.22,41.0,111.0199666666722,154.22,0.0,0.0019622858236814397
JNJ,2025-05-01 16:53:00+00:00,SELL,154.28,41.0,6436.499966666673,154.28,0.0,0.012572830420116528
JNJ,2025-05-01 16:58:00+00:00,BUY,154.3806,41.0,106.895366666673,154.3806,0.0,0.010459183673469388
JNJ,2025-05-01 17:45:00+00:00,SELL,154.87,41.0,6456.565366666673,154.87000000000003,-1.1652900866465643e-12,0.011357340720221607
JNJ,2025-05-01 18:04:00+00:00,BUY,154.71,41.0,113.45536666667248,154.71,0.0,0.017566409597257925
JNJ,2025-05-01 18:22:00+00:00,SELL,154.67,41.0,6454.925366666672,154.67,0.0,0.011276127612761276
JNJ,2025-05-01 18:36:00+00:00,BUY,154.7602,41.0,109.75716666667176,154.7602,0.0,0.003560882404029877
JNJ,2025-05-01 18:52:00+00:00,SELL,154.65,41.0,6450.407166666672,154.65,0.0,0.014152571625819814
JNJ,2025-05-01 19:05:00+00:00,BUY,154.7065,41.0,107.44066666667186,154.7065,0.0,0.003254743192823688
JNJ,2025-05-01 19:08:00+00:00,SELL,154.57,41.0,6444.810666666672,154.57,0.0,0.011168618904930537
JNJ,2025-05-01 19:26:00+00:00,BUY,154.6048,41.0,106.01386666667167,154.6048,0.0,0.0038475975975975976
JNJ,2025-05-01 19:40:00+00:00,SELL,154.555,41.0,6442.768866666672,154.555,0.0,0.004385495774949192
JNJ,2025-05-01 19:46:00+00:00,BUY,154.74,41.0,98.42886666667164,154.74,0.0,0.002288457244920741
JNJ,2025-05-01 19:54:00+00:00,SELL,154.6,41.0,6437.028866666671,154.6,0.0,0.0010886593558322934
JNJ,2025-05-01 21:27:00+00:00,BUY,154.56,41.0,100.06886666667106,154.56,0.0,0.3942307692307692
JNJ,2025-05-02 13:11:00+00:00,SELL,155.27,41.0,6466.138866666672,155.27,0.0,0.043897216274089934
JNJ,2025-05-02 13:24:00+00:00,BUY,155.86,41.0,75.87886666667146,155.86,0.0,0.12693498452012383
JNJ,2025-05-02 13:54:00+00:00,SELL,155.6831,41.0,6458.885966666671,155.6831,0.0,0.021454735740450027
JNJ,2025-05-02 14:27:00+00:00,BUY,155.28,41.0,92.4059666666708,155.28,0.0,0.0023633848282222734
JNJ,2025-05-02 14:36:00+00:00,SELL,155.3,41.0,6459.705966666671,155.3,0.0,0.003377543454979817
JNJ,2025-05-02 14:38:00+00:00,BUY,155.3,41.0,92.4059666666708,155.3,0.0,0.003031423290203327
JNJ,2025-05-02 14:45:00+00:00,SELL,155.3,41.0,6459.705966666671,155.3,0.0,0.0023352508970780885
JNJ,2025-05-02 14:46:00+00:00,BUY,155.41,41.0,87.89596666667148,155.41,0.0,0.0034398858964678246
JNJ,2025-05-02 15:05:00+00:00,SELL,155.63,41.0,6468.725966666671,155.63,0.0,0.006876886950687689
JNJ,2025-05-02 15:34:00+00:00,BUY,155.31,41.0,101.01596666667136,155.31,0.0,0.0023648843513872065
JNJ,2025-05-02 15:48:00+00:00,SELL,155.32,41.0,6469.135966666671,155.32,0.0,0.008644317942230655
JNJ,2025-05-02 15:49:00+00:00,BUY,155.355,41.0,99.58096666667188,155.355,0.0,0.010983123493169033
JNJ,2025-05-02 16:08:00+00:00,SELL,155.3752,41.0,6469.964166666672,155.3752,0.0,0.004070691024622717
JNJ,2025-05-02 16:28:00+00:00,BUY,155.31,41.0,102.25416666667206,155.31,0.0,0.0084414247477867
JNJ,2025-05-02 16:38:00+00:00,SELL,155.335,41.0,6470.989166666673,155.335,0.0,0.004598990465507572
JNJ,2025-05-02 16:41:00+00:00,BUY,155.31,41.0,103.2791666666726,155.31,0.0,0.004787482484820177
JNJ,2025-05-02 16:49:00+00:00,SELL,155.37,41.0,6473.449166666673,155.37,0.0,0.005138488532397544
JNJ,2025-05-02 16:51:00+00:00,BUY,155.37,41.0,103.2791666666726,155.37,0.0,0.004639058610545373
JNJ,2025-05-02 17:25:00+00:00,SELL,155.57,41.0,6481.6491666666725,155.57,0.0,0.00888214904679376
JNJ,2025-05-02 17:38:00+00:00,BUY,155.71,41.0,97.53916666667192,155.71,0.0,0.0034962053381086384
JNJ,2025-05-02 17:58:00+00:00,SELL,155.75,41.0,6483.289166666672,155.75,0.0,0.006525545121757122
JNJ,2025-05-02 18:09:00+00:00,BUY,155.84,41.0,93.8491666666714,155.84,0.0,0.009252990295644324
JNJ,2025-05-02 18:49:00+00:00,SELL,155.91,41.0,6486.159166666671,155.91,0.0,0.0047050722974523755
JNJ,2025-05-02 18:57:00+00:00,BUY,156.11,41.0,85.64916666667068,156.11,0.0,0.008926627476594819
JNJ,2025-05-02 19:39:00+00:00,SELL,156.5299,41.0,6503.37506666667,156.5299,0.0,0.0024027191748710736
JNJ,2025-05-02 19:41:00+00:00,BUY,156.52,41.0,86.05506666666952,156.52,0.0,0.002119301147524036
JNJ,2025-05-02 19:43:00+00:00,SELL,156.45,41.0,6500.505066666669,156.45,0.0,0.0017580721238368853
JNJ,2025-05-02 19:44:00+00:00,BUY,156.515,41.0,83.39006666666955,156.515,0.0,0.002585935036266162
JNJ,2025-05-02 19:45:00+00:00,SELL,156.35,41.0,6493.740066666669,156.35,0.0,0.002107210772472632
JNJ,2025-05-05 13:28:00+00:00,BUY,156.66,41.0,70.68006666666952,156.66,0.0,0.02267699115044248
JNJ,2025-05-05 13:33:00+00:00,SELL,155.25,41.0,6435.9300666666695,155.25,0.0,0.0014621968616262482
JNJ,2025-05-05 14:10:00+00:00,BUY,155.06,41.0,78.47006666666948,155.06000000000003,-1.1652900866465643e-12,0.0027264263864875647
JNJ,2025-05-05 14:30:00+00:00,SELL,155.09,41.0,6437.16006666667,155.09,0.0,0.0017150506149083912
JNJ,2025-05-05 14:49:00+00:00,BUY,155.075,41.0,79.08506666667017,155.075,0.0,0.004989048430275006
JNJ,2025-05-05 15:04:00+00:00,SELL,155.065,41.0,6436.75006666667,155.065,0.0,0.0014177040110650069
JNJ,2025-05-05 15:12:00+00:00,BUY,155.14,41.0,76.01006666667035,155.14,0.0,0.0025929673665570454
JNJ,2025-05-05 15:25:00+00:00,SELL,154.9155,41.0,6427.54556666667,154.9155,0.0,0.003226821973870612
JNJ,2025-05-05 15:46:00+00:00,BUY,155.0087,41.0,72.18886666667004,155.0087,0.0,0.0013323800857922786
JNJ,2025-05-05 16:18:00+00:00,SELL,155.31,41.0,6439.89886666667,155.31,0.0,0.004901960784313725
JNJ,2025-05-05 16:43:00+00:00,BUY,155.135,41.0,79.36386666667022,155.135,0.0,0.0050356177843281745
JNJ,2025-05-05 16:44:00+00:00,SELL,155.1,41.0,6438.46386666667,155.1,0.0,0.004799812690236479
JNJ,2025-05-05 17:05:00+00:00,BUY,155.105,41.0,79.15886666667029,155.105,0.0,0.004252229827836548
JNJ,2025-05-05 17:17:00+00:00,SELL,155.065,41.0,6436.82386666667,155.065,0.0,0.004093450479233227
JNJ,2025-05-05 17:34:00+00:00,BUY,155.1,41.0,77.7238666666708,155.1,0.0,0.0077154685735792245
JNJ,2025-05-05 17:53:00+00:00,SELL,155.04,41.0,6434.36386666667,155.04,0.0,0.003838232540722711
JNJ,2025-05-05 17:55:00+00:00,BUY,155.145,41.0,73.4188666666696,155.145,0.0,0.00115983026874116
JNJ,2025-05-05 18:21:00+00:00,SELL,155.22,41.0,6437.438866666669,155.22,0.0,0.004123918728626031
JNJ,2025-05-05 18:22:00+00:00,BUY,155.24,41.0,72.59886666666898,155.24,0.0,0.0047093958189754195
JNJ,2025-05-05 18:44:00+00:00,SELL,155.305,41.0,6440.103866666669,155.305,0.0,0.0009524694512846722
JNJ,2025-05-05 18:57:00+00:00,BUY,155.37,41.0,69.93386666666902,155.37,0.0,0.0022651933701657457
JNJ,2025-05-05 19:00:00+00:00,SELL,155.195,41.0,6432.928866666669,155.195,0.0,0.0018894009216589862
JNJ,2025-05-05 19:33:00+00:00,BUY,155.16,41.0,71.36886666666942,155.16,0.0,0.001981250604039818
JNJ,2025-05-05 19:46:00+00:00,SELL,155.145,41.0,6432.31386666667,155.14500000000004,-1.1652900866465643e-12,0.0014070006863417981
JNJ,2025-05-06 14:02:00+00:00,BUY,154.06,41.0,115.85386666667,154.06,0.0,0.0016770973943633165
JNJ,2025-05-06 15:07:00+00:00,SELL,155.23,41.0,6480.283866666669,155.23,0.0,0.008286176232821341
JNJ,2025-05-06 15:23:00+00:00,BUY,155.38,41.0,109.70386666666946,155.38,0.0,0.004158636778577949
JNJ,2025-05-06 15:41:00+00:00,SELL,155.39,41.0,6480.693866666669,155.39,0.0,0.004576914489841482
JNJ,2025-05-06 15:56:00+00:00,BUY,155.405,41.0,109.08886666666876,155.405,0.0,0.0032575877959637694
JNJ,2025-05-06 16:22:00+00:00,SELL,155.45,41.0,6482.538866666669,155.45,0.0,0.010652117433099507
JNJ,2025-05-06 16:34:00+00:00,BUY,155.56,41.0,104.57886666666856,155.56,0.0,0.006479140328697851
JNJ,2025-05-06 16:44:00+00:00,SELL,155.36,41.0,6474.338866666669,155.36,0.0,0.0021454735740450027
JNJ,2025-05-06 16:58:00+00:00,BUY,155.45,41.0,100.88886666666896,155.45,0.0,0.007712565838976674
JNJ,2025-05-06 17:27:00+00:00,SELL,155.76,41.0,6487.048866666669,155.75999999999996,1.1652900866465643e-12,0.002915244596131968
JNJ,2025-05-06 17:30:00+00:00,BUY,155.685,41.0,103.96386666666876,155.685,0.0,0.003342845495311863
JNJ,2025-05-06 17:38:00+00:00,SELL,155.55,41.0,6481.513866666669,155.55,0.0,0.0034315366588550385
JNJ,2025-05-06 18:15:00+00:00,BUY,154.71,41.0,138.40386666666836,154.71,0.0,0.0019390843738176316
JNJ,2025-05-06 18:27:00+00:00,SELL,154.6,41.0,6477.003866666668,154.6,0.0,0.0019343272315531233
JNJ,2025-05-06 18:31:00+00:00,BUY,154.92,41.0,125.28386666666847,154.92,0.0,0.003486691045156901
JNJ,2025-05-06 18:48:00+00:00,SELL,154.8,41.0,6472.083866666669,154.8,0.0,0.002837566613606478
JNJ,2025-05-06 19:26:00+00:00,BUY,154.15,41.0,151.9338666666681,154.15,0.0,0.003037937166567872
JNJ,2025-05-06 19:48:00+00:00,SELL,154.36,41.0,6480.693866666668,154.36,0.0,0.0011355453387248656
JNJ,2025-05-06 19:49:00+00:00,BUY,154.5,41.0,146.19386666666833,154.5,0.0,0.0013454092012863425
JNJ,2025-05-06 19:50:00+00:00,SELL,154.39,41.0,6476.183866666668,154.39,0.0,0.0006692129402931479
JNJ,2025-05-06 19:58:00+00:00,BUY,154.625,41.0,136.5588666666681,154.625,0.0,0.0003981896936852942
JNJ,2025-05-06 20:37:00+00:00,SELL,153.9026,41.0,6446.565466666669,153.9026,0.0,0.40594059405940597
JNJ,2025-05-07 10:33:00+00:00,BUY,155.48,41.0,71.88546666666934,155.48,0.0,0.017469109501491265
JNJ,2025-05-07 13:38:00+00:00,SELL,154.62,41.0,6411.305466666669,154.62,0.0,0.004984802431610942
JNJ,2025-05-07 13:43:00+00:00,BUY,155.005,41.0,56.10046666666949,155.005,0.0,0.0070507308684436805
JNJ,2025-05-07 14:02:00+00:00,SELL,155.545,41.0,6433.445466666669,155.545,0.0,0.0016628138054102283
JNJ,2025-05-07 14:20:00+00:00,BUY,155.625,41.0,52.82046666666884,155.625,0.0,0.005176767676767677
JNJ,2025-05-07 14:30:00+00:00,SELL,155.47,41.0,6427.090466666668,155.47,0.0,0.0014120888582744963
JNJ,2025-05-07 14:37:00+00:00,BUY,155.95,41.0,33.140466666668544,155.95,0.0,0.0019997073598985514
JNJ,2025-05-07 14:54:00+00:00,SELL,155.82,41.0,6421.760466666668,155.82,0.0,0.003820706364737676
JNJ,2025-05-07 14:59:00+00:00,BUY,156.155,41.0,19.40546666666796,156.155,0.0,0.00230557273800821
JNJ,2025-05-07 15:19:00+00:00,SELL,156.33,41.0,6428.935466666669,156.33,0.0,0.004392543389757874
JNJ,2025-05-07 15:22:00+00:00,BUY,156.46,41.0,14.075466666668037,156.46,0.0,0.0031444129151008515
JNJ,2025-05-07 15:47:00+00:00,SELL,157.095,41.0,6454.970466666668,157.095,0.0,0.003143207605029132
JNJ,2025-05-07 15:53:00+00:00,BUY,157.2337,41.0,8.388766666667834,157.2337,0.0,0.008550573514077163
JNJ,2025-05-07 15:54:00+00:00,SELL,157.085,41.0,6448.873766666668,157.085,0.0,0.003129054415019461
JNJ,2025-05-07 15:55:00+00:00,BUY,157.205,41.0,3.468766666667761,157.205,0.0,0.0037987584545538773
JNJ,2025-05-07 15:58:00+00:00,SELL,157.055,41.0,6442.723766666668,157.055,0.0,0.005360177801019741
JNJ,2025-05-07 16:04:00+00:00,BUY,157.115,41.0,1.008766666667725,157.115,0.0,0.010491299897645854
JNJ,2025-05-07 16:44:00+00:00,SELL,157.435,41.0,6455.843766666668,157.435,0.0,0.005935147654892878
JNJ,2025-05-07 16:55:00+00:00,BUY,157.65,40.0,149.84376666666776,157.65,0.0,0.0016918326777481706
JNJ,2025-05-07 17:20:00+00:00,SELL,157.765,40.0,6460.443766666667,157.765,0.0,0.00315357931251971
JNJ,2025-05-07 17:26:00+00:00,BUY,157.9,40.0,144.44376666666722,157.9,0.0,0.002727768685215494
JNJ,2025-05-07 17:35:00+00:00,SELL,157.72,40.0,6453.243766666667,157.72,0.0,0.0027689325764917623
JNJ,2025-05-07 17:49:00+00:00,BUY,157.8,40.0,141.2437666666674,157.8,0.0,0.004741021690174233
JNJ,2025-05-07 17:53:00+00:00,SELL,157.51,40.0,6441.643766666667,157.51,0.0,0.0028939372015627262
JNJ,2025-05-07 18:22:00+00:00,BUY,157.33,40.0,148.4437666666663,157.33,0.0,0.004672351360822334
JNJ,2025-05-07 18:44:00+00:00,SELL,157.335,40.0,6441.843766666667,157.335,0.0,0.007572889057175312
JNJ,2025-05-07 18:57:00+00:00,BUY,157.63,40.0,136.64376666666703,157.63,0.0,0.0024110910186859553
JNJ,2025-05-07 19:13:00+00:00,SELL,157.49,40.0,6436.243766666667,157.49,0.0,0.004243581582855931
JNJ,2025-05-07 19:17:00+00:00,BUY,157.46,40.0,137.84376666666685,157.46,0.0,0.002374873834827525
JNJ,2025-05-07 19:26:00+00:00,SELL,157.2,40.0,6425.843766666667,157.2,0.0,0.006039559112184811
JNJ,2025-05-07 19:42:00+00:00,BUY,157.48,40.0,126.64376666666703,157.48,0.0,0.001361563074409422
JNJ,2025-05-07 19:50:00+00:00,SELL,157.075,40.0,6409.643766666667,157.075,0.0,0.0008386799178093681
JNJ,2025-05-08 09:11:00+00:00,BUY,156.18,41.0,6.263766666666925,156.18,0.0,0.41
JNJ,2025-05-08 12:39:00+00:00,SELL,155.55,41.0,6383.813766666667,155.55,0.0,0.12386706948640483
JNJ,2025-05-08 13:33:00+00:00,BUY,156.115,40.0,139.21376666666674,156.115,0.0,0.0028557149996430355
JNJ,2025-05-08 13:45:00+00:00,SELL,155.7859,40.0,6370.649766666666,155.7859,0.0,0.003477958438396661
JNJ,2025-05-08 14:13:00+00:00,BUY,155.45,40.0,152.64976666666644,155.45,0.0,0.0017474879860200961
JNJ,2025-05-08 14:42:00+00:00,SELL,155.88,40.0,6387.849766666666,155.88,0.0,0.004847897224578839
JNJ,2025-05-08 14:46:00+00:00,BUY,156.04,40.0,146.2497666666668,156.04,0.0,0.00624512099921936
JNJ,2025-05-08 15:04:00+00:00,SELL,156.155,40.0,6392.449766666667,156.155,0.0,0.0034450090431487382
JNJ,2025-05-08 15:10:00+00:00,BUY,156.46,40.0,134.04976666666607,156.46,0.0,0.0020521239482864766
JNJ,2025-05-08 15:32:00+00:00,SELL,156.44,40.0,6391.649766666666,156.44,0.0,0.0017350568231109568
JNJ,2025-05-08 15:40:00+00:00,BUY,156.735,40.0,122.24976666666588,156.735,0.0,0.00251414204902577
JNJ,2025-05-08 15:52:00+00:00,SELL,156.555,40.0,6384.449766666667,156.555,0.0,0.002150653260928007
JNJ,2025-05-08 16:20:00+00:00,BUY,156.185,40.0,137.04976666666698,156.185,0.0,0.0029971527049303163
JNJ,2025-05-08 16:38:00+00:00,SELL,156.305,40.0,6389.249766666668,156.305,0.0,0.003740764986439727
JNJ,2025-05-08 16:52:00+00:00,BUY,156.365,40.0,134.64976666666735,156.365,0.0,0.0066181336863004635
JNJ,2025-05-08 17:03:00+00:00,SELL,156.25,40.0,6384.649766666667,156.25,0.0,0.0074142724745134385
JNJ,2025-05-08 17:12:00+00:00,BUY,156.62,40.0,119.84976666666716,156.62,0.0,0.003845414343395501
JNJ,2025-05-08 17:28:00+00:00,SELL,156.55,40.0,6381.849766666667,156.55,0.0,0.0037365716954694066
JNJ,2025-05-08 18:08:00+00:00,BUY,156.085,40.0,138.44976666666662,156.085,0.0,0.006162378678169773
JNJ,2025-05-08 18:23:00+00:00,SELL,156.145,40.0,6384.249766666667,156.145,0.0,0.0016399491615759912
JNJ,2025-05-08 18:33:00+00:00,BUY,156.31,40.0,131.84976666666716,156.31,0.0,0.0026632931619948066
JNJ,2025-05-08 19:02:00+00:00,SELL,156.22,40.0,6380.649766666667,156.22,0.0,0.005115089514066497
JNJ,2025-05-08 19:22:00+00:00,BUY,156.265,40.0,130.0497666666679,156.265,0.0,0.0032258064516129032
JNJ,2025-05-08 19:36:00+00:00,SELL,156.18,40.0,6377.249766666669,156.18,0.0,0.003083564600678384
JNJ,2025-05-08 22:01:00+00:00,BUY,155.62,40.0,152.44976666666844,155.62,0.0,0.4
JNJ,2025-05-08 23:40:00+00:00,SELL,155.3,40.0,6364.449766666668,155.3,0.0,0.13333333333333333
JNJ,2025-05-09 10:28:00+00:00,BUY,155.65,40.0,138.44976666666844,155.65,0.0,0.21978021978021978
JNJ,2025-05-09 10:58:00+00:00,SELL,155.48,40.0,6357.649766666668,155.48,0.0,0.26143790849673204
JNJ,2025-05-09 13:39:00+00:00,BUY,155.6,40.0,133.64976666666826,155.6,0.0,0.00508001016002032
JNJ,2025-05-09 13:44:00+00:00,SELL,155.265,40.0,6344.249766666668,155.265,0.0,0.0054525627044711015
JNJ,2025-05-09 13:51:00+00:00,BUY,155.37,40.0,129.44976666666753,155.37,0.0,0.002037905033625433
JNJ,2025-05-09 14:03:00+00:00,SELL,155.4,40.0,6345.449766666668,155.4,0.0,0.007279344858962694
JNJ,2025-05-09 14:08:00+00:00,BUY,155.62,40.0,120.64976666666736,155.62,0.0,0.0029437739181630853
JNJ,2025-05-09 14:27:00+00:00,SELL,155.62,40.0,6345.449766666668,155.62,0.0,0.004001200360108033
JNJ,2025-05-09 14:40:00+00:00,BUY,155.95,40.0,107.44976666666751,155.95,0.0,0.002039255671679837
JNJ,2025-05-09 14:51:00+00:00,SELL,155.7,40.0,6335.449766666668,155.7,0.0,0.0038365624400537117
JNJ,2025-05-09 15:24:00+00:00,BUY,155.36,40.0,121.04976666666698,155.36,0.0,0.0056939501779359435
JNJ,2025-05-09 16:07:00+00:00,SELL,155.5,40.0,6341.049766666667,155.5,0.0,0.010686615014694095
JNJ,2025-05-09 16:09:00+00:00,BUY,155.665,40.0,114.44976666666751,155.665,0.0,0.0037742970371768257
JNJ,2025-05-09 16:25:00+00:00,SELL,155.62,40.0,6339.249766666668,155.62,0.0,0.006500893872907525
JNJ,2025-05-09 17:12:00+00:00,BUY,154.93,40.0,142.04976666666698,154.93,0.0,0.013922728854855551
JNJ,2025-05-09 17:14:00+00:00,SELL,154.71,40.0,6330.449766666668,154.71,0.0,0.004904966278356836
JNJ,2025-05-09 17:20:00+00:00,BUY,154.79,40.0,138.84976666666807,154.79,0.0,0.007220216606498195
JNJ,2025-05-09 17:22:00+00:00,SELL,154.77,40.0,6329.649766666668,154.77,0.0,0.0020296326364927946
JNJ,2025-05-09 17:42:00+00:00,BUY,154.68,40.0,142.44976666666753,154.68,0.0,0.0021168501270110076
JNJ,2025-05-09 18:12:00+00:00,SELL,154.89,40.0,6338.049766666667,154.89,0.0,0.006394884092725819
JNJ,2025-05-09 18:14:00+00:00,BUY,154.96,40.0,139.64976666666644,154.96,0.0,0.007934933544931562
JNJ,2025-05-09 18:29:00+00:00,SELL,154.93,40.0,6336.849766666667,154.93,0.0,0.007535795026375283
JNJ,2025-05-09 18:45:00+00:00,BUY,154.95,40.0,138.84976666666716,154.95,0.0,0.006079951360389117
JNJ,2025-05-09 18:53:00+00:00,SELL,154.855,40.0,6333.049766666667,154.855,0.0,0.0078064012490242
JNJ,2025-05-09 19:39:00+00:00,BUY,154.385,41.0,3.2647666666671284,154.385,0.0,0.002365157196423421
JNJ,2025-05-09 19:44:00+00:00,SELL,154.27,41.0,6328.334766666668,154.27,0.0,0.00453439504534395
JNJ,2025-05-09 20:25:00+00:00,BUY,154.28,41.0,2.854766666667274,154.28,0.0,0.41
JNJ,2025-05-12 08:00:00+00:00,SELL,151.3,41.0,6206.154766666668,151.3,0.0,0.04963680387409201
JNJ,2025-05-12 10:45:00+00:00,BUY,150.04,41.0,54.51476666666804,150.04,0.0,0.3445378151260504
JNJ,2025-05-12 10:49:00+00:00,SELL,149.7,41.0,6192.214766666668,149.7,0.0,0.13268608414239483
JNJ,2025-05-12 11:00:00+00:00,BUY,150.49,41.0,22.12476666666771,150.49,0.0,0.011932479627473807
JNJ,2025-05-12 11:23:00+00:00,SELL,150.12,41.0,6177.044766666668,150.12,0.0,0.1132596685082873
JNJ,2025-05-12 12:03:00+00:00,BUY,150.18,41.0,19.664766666667678,150.18,0.0,0.23699421965317918
JNJ,2025-05-12 12:13:00+00:00,SELL,150.0,41.0,6169.664766666668,150.0,0.0,0.031857031857031856
JNJ,2025-05-12 12:27:00+00:00,BUY,150.25,41.0,9.414766666667674,150.25,0.0,0.15185185185185185
JNJ,2025-05-12 12:58:00+00:00,SELL,150.5,41.0,6179.914766666668,150.5,0.0,0.027152317880794703
JNJ,2025-05-12 13:12:00+00:00,BUY,151.75,40.0,109.91476666666767,151.75,0.0,0.009006980409817608
JNJ,2025-05-12 13:50:00+00:00,SELL,153.05,40.0,6231.914766666668,153.05,0.0,0.0012926577042399173
JNJ,2025-05-12 13:58:00+00:00,BUY,153.65,40.0,85.91476666666767,153.65,0.0,0.0018651496782616805
JNJ,2025-05-12 14:10:00+00:00,SELL,153.48,40.0,6225.114766666668,153.48,0.0,0.002446183953033268
JNJ,2025-05-12 14:17:00+00:00,BUY,153.745,40.0,75.31476666666731,153.745,0.0,0.0021545919741448962
JNJ,2025-05-12 14:24:00+00:00,SELL,153.545,40.0,6217.114766666667,153.545,0.0,0.0029991752268126266
JNJ,2025-05-12 14:27:00+00:00,BUY,153.7358,40.0,67.68276666666588,153.7358,0.0,0.0033778078027360244
JNJ,2025-05-12 14:33:00+00:00,SELL,153.74,40.0,6217.282766666666,153.74,0.0,0.005295908910366741
JNJ,2025-05-12 14:35:00+00:00,BUY,153.575,40.0,74.28276666666625,153.575,0.0,0.002313475997686524
JNJ,2025-05-12 15:24:00+00:00,SELL,154.89,40.0,6269.882766666666,154.89,0.0,0.0023636471074868523
JNJ,2025-05-12 15:54:00+00:00,BUY,154.94,40.0,72.28276666666534,154.94,0.0,0.00444247001332741
JNJ,2025-05-12 16:01:00+00:00,SELL,154.88,40.0,6267.482766666665,154.88,0.0,0.0027843519420854795
JNJ,2025-05-12 16:24:00+00:00,BUY,154.76,40.0,77.08276666666552,154.76,0.0,0.001995510102269893
JNJ,2025-05-12 16:34:00+00:00,SELL,154.405,40.0,6253.282766666665,154.405,0.0,0.0013531799729364006
JNJ,2025-05-12 16:43:00+00:00,BUY,154.75,40.0,63.28276666666534,154.75,0.0,0.003943217665615142
JNJ,2025-05-12 17:02:00+00:00,SELL,154.805,40.0,6255.482766666666,154.805,0.0,0.00950344499881207
JNJ,2025-05-12 17:07:00+00:00,BUY,154.98,40.0,56.28276666666625,154.98,0.0,0.0023020257826887663
JNJ,2025-05-12 17:21:00+00:00,SELL,154.795,40.0,6248.0827666666655,154.795,0.0,0.0019473248624701815
JNJ,2025-05-12 17:32:00+00:00,BUY,154.91,40.0,51.68276666666589,154.91,0.0,0.003996003996003996
JNJ,2025-05-12 17:38:00+00:00,SELL,154.795,40.0,6243.482766666665,154.795,0.0,0.0030027775692515577
JNJ,2025-05-12 18:03:00+00:00,BUY,154.74,40.0,53.88276666666479,154.74,0.0,0.005852231163130944
JNJ,2025-05-12 18:13:00+00:00,SELL,154.51,40.0,6234.282766666664,154.51,0.0,0.00888494002665482
JNJ,2025-05-12 18:45:00+00:00,BUY,154.37,40.0,59.48276666666425,154.37,0.0,0.0062276194924490115
JNJ,2025-05-12 18:48:00+00:00,SELL,154.255,40.0,6229.682766666664,154.255,0.0,0.005307855626326964
JNJ,2025-05-12 19:07:00+00:00,BUY,154.32,40.0,56.88276666666479,154.32,0.0,0.0017869108778199687
JNJ,2025-05-12 19:32:00+00:00,SELL,154.44,40.0,6234.482766666665,154.44,0.0,0.0033941450997030122
JNJ,2025-05-12 20:00:00+00:00,BUY,154.14,40.0,68.8827666666657,154.14,0.0,2.25420310257244e-05
JNJ,2025-05-13 08:48:00+00:00,SELL,153.82,40.0,6221.682766666665,153.82,0.0,0.2898550724637681
JNJ,2025-05-13 11:15:00+00:00,BUY,153.96,40.0,63.28276666666443,153.96,0.0,0.1388888888888889
JNJ,2025-05-13 12:43:00+00:00,SELL,153.7335,40.0,6212.622766666665,153.7335,0.0,0.01
JNJ,2025-05-13 13:26:00+00:00,BUY,151.69,40.0,145.0227666666642,151.69,0.0,0.022358859698155393
JNJ,2025-05-13 13:32:00+00:00,SELL,150.445,40.0,6162.822766666664,150.44500000000002,-1.1368683772161603e-12,0.001389902359359255
JNJ,2025-05-13 13:57:00+00:00,BUY,150.34,40.0,149.22276666666312,150.34,0.0,0.0011419435879867536
JNJ,2025-05-13 14:03:00+00:00,SELL,149.83,40.0,6142.422766666664,149.83,0.0,0.001132310479533488
JNJ,2025-05-13 14:11:00+00:00,BUY,150.24,40.0,132.82276666666348,150.24,0.0,0.0013919337439537878
JNJ,2025-05-13 14:18:00+00:00,SELL,149.84,40.0,6126.422766666664,149.84,0.0,0.0010665529010238908
JNJ,2025-05-13 14:24:00+00:00,BUY,150.15,40.0,120.42276666666385,150.15,0.0,0.0014068160236345092
JNJ,2025-05-13 14:31:00+00:00,SELL,150.07,40.0,6123.222766666663,150.07,0.0,0.0017909913136921285
JNJ,2025-05-13 14:45:00+00:00,BUY,150.1375,40.0,117.72276666666312,150.1375,0.0,0.002145462347135808
JNJ,2025-05-13 14:54:00+00:00,SELL,149.84,40.0,6111.322766666664,149.84,0.0,0.004265756638583769
JNJ,2025-05-13 15:28:00+00:00,BUY,149.1896,40.0,143.73876666666274,149.1896,0.0,0.0023438415563107936
JNJ,2025-05-13 15:39:00+00:00,SELL,148.7992,40.0,6095.706766666664,148.7992,0.0,0.0010711225364181663
JNJ,2025-05-13 16:00:00+00:00,BUY,148.65,41.0,1.056766666662952,148.65,0.0,0.002796153583850508
JNJ,2025-05-13 16:20:00+00:00,SELL,148.71,41.0,6098.166766666664,148.71,0.0,0.003484616692163862
JNJ,2025-05-13 16:38:00+00:00,BUY,148.4204,41.0,12.930366666663758,148.4204,0.0,0.006334981458590853
JNJ,2025-05-13 16:40:00+00:00,SELL,148.33,41.0,6094.460366666664,148.33,0.0,0.0014853996087240055
JNJ,2025-05-13 16:56:00+00:00,BUY,148.323,41.0,13.21736666666402,148.323,0.0,0.003762848751835536
JNJ,2025-05-13 17:14:00+00:00,SELL,148.49,41.0,6101.307366666664,148.49,0.0,0.005261131784935198
JNJ,2025-05-13 17:19:00+00:00,BUY,148.62,41.0,7.887366666664093,148.62,0.0,0.0036072496920640505
JNJ,2025-05-13 17:53:00+00:00,SELL,149.21,41.0,6125.497366666665,149.21,0.0,0.008476328302666942
JNJ,2025-05-13 17:55:00+00:00,BUY,149.34,41.0,2.5573666666641657,149.34,0.0,0.0027770251964237334
JNJ,2025-05-13 18:17:00+00:00,SELL,149.31,41.0,6124.267366666664,149.31,0.0,0.005981035740335521
JNJ,2025-05-13 18:38:00+00:00,BUY,149.17,41.0,8.297366666664857,149.17,0.0,0.008633396504527269
JNJ,2025-05-13 18:58:00+00:00,SELL,149.295,41.0,6129.392366666664,149.295,0.0,0.006162633398466857
JNJ,2025-05-13 19:13:00+00:00,BUY,149.36,41.0,5.632366666663984,149.36,0.0,0.003042220078652519
JNJ,2025-05-13 19:21:00+00:00,SELL,149.26,41.0,6125.292366666664,149.26,0.0,0.005108397707450785
JNJ,2025-05-13 19:24:00+00:00,BUY,149.38,41.0,0.712366666663911,149.38,0.0,0.002618804292284108
JNJ,2025-05-13 19:34:00+00:00,SELL,149.31,41.0,6122.422366666664,149.31,0.0,0.0033769870686104933
JNJ,2025-05-13 20:28:00+00:00,BUY,148.63,41.0,28.59236666666402,148.63,0.0,0.03663985701519214
JNJ,2025-05-14 11:30:00+00:00,SELL,148.63,41.0,6122.422366666664,148.63,0.0,0.017543859649122806
JNJ,2025-05-14 12:39:00+00:00,BUY,149.0,41.0,13.422366666663947,149.0,0.0,0.3904761904761905
JNJ,2025-05-14 13:13:00+00:00,SELL,148.5,41.0,6101.922366666664,148.5,0.0,0.11081081081081082
JNJ,2025-05-14 13:57:00+00:00,BUY,147.8999,41.0,38.02646666666351,147.8999,0.0,0.00172442799461642
JNJ,2025-05-14 14:02:00+00:00,SELL,147.66,41.0,6092.086466666663,147.66,0.0,0.001865416988943992
JNJ,2025-05-14 14:22:00+00:00,BUY,147.5806,41.0,41.28186666666261,147.5806,0.0,0.002287563465937622
JNJ,2025-05-14 14:23:00+00:00,SELL,147.44,41.0,6086.321866666663,147.44,0.0,0.0016496338617526354
JNJ,2025-05-14 14:57:00+00:00,BUY,146.79,41.0,67.93186666666315,146.79,0.0,0.0009297684649749416
JNJ,2025-05-14 15:03:00+00:00,SELL,146.5,41.0,6074.431866666663,146.5,0.0,0.0020300044561073426
JNJ,2025-05-14 15:17:00+00:00,BUY,146.5,41.0,67.93186666666315,146.5,0.0,0.002357541256971997
JNJ,2025-05-14 15:45:00+00:00,SELL,146.57,41.0,6077.301866666663,146.57,0.0,0.001427377802534466
JNJ,2025-05-14 15:58:00+00:00,BUY,146.775,41.0,59.5268666666625,146.775,0.0,0.002217894622957914
JNJ,2025-05-14 16:11:00+00:00,SELL,146.52,41.0,6066.846866666663,146.52,0.0,0.0010446126015949452
JNJ,2025-05-14 16:49:00+00:00,BUY,146.225,41.0,71.62186666666366,146.225,0.0,0.002795962902345881
JNJ,2025-05-14 17:36:00+00:00,SELL,146.54,41.0,6079.761866666663,146.54,0.0,0.0038239134489833986
JNJ,2025-05-14 17:43:00+00:00,BUY,146.5,41.0,73.26186666666308,146.5,0.0,0.006721311475409836
JNJ,2025-05-14 17:44:00+00:00,SELL,146.43,41.0,6076.891866666663,146.43,0.0,0.003194390338917024
JNJ,2025-05-14 17:52:00+00:00,BUY,146.605,41.0,66.08686666666381,146.605,0.0,0.003945342571208622
JNJ,2025-05-14 18:05:00+00:00,SELL,146.57,41.0,6075.456866666664,146.57,0.0,0.002029301128489408
JNJ,2025-05-14 18:08:00+00:00,BUY,146.565,41.0,66.29186666666374,146.565,0.0,0.0033828382838283827
JNJ,2025-05-14 18:09:00+00:00,SELL,146.5,41.0,6072.791866666664,146.5,0.0,0.003919319376732626
JNJ,2025-05-14 18:36:00+00:00,BUY,146.38,41.0,71.21186666666381,146.38,0.0,0.005098868299962691
JNJ,2025-05-14 18:45:00+00:00,SELL,146.26,41.0,6067.871866666664,146.26,0.0,0.004973313925278991
JNJ,2025-05-14 18:58:00+00:00,BUY,146.34,41.0,67.93186666666315,146.34,0.0,0.0021780705482362943
JNJ,2025-05-14 18:59:00+00:00,SELL,146.28,41.0,6065.411866666664,146.28,0.0,0.0015531479657549814
JNJ,2025-05-14 19:00:00+00:00,BUY,146.265,41.0,68.54686666666385,146.265,0.0,0.0015128034831377757
JNJ,2025-05-14 19:02:00+00:00,SELL,146.16,41.0,6061.106866666663,146.16,0.0,0.002484547327596655
JNJ,2025-05-14 19:10:00+00:00,BUY,146.415,41.0,58.09186666666392,146.415,0.0,0.002822525127357841
JNJ,2025-05-14 19:33:00+00:00,SELL,146.47,41.0,6063.361866666663,146.47,0.0,0.002726970402394413
JNJ,2025-05-14 19:49:00+00:00,BUY,146.59,41.0,53.171866666662936,146.59,0.0,0.0012423113050328758
JNJ,2025-05-14 19:58:00+00:00,SELL,146.315,41.0,6052.086866666663,146.315,0.0,0.0003774592390053489
JNJ,2025-05-15 08:27:00+00:00,BUY,146.66,41.0,39.02686666666341,146.66,0.0,0.03394039735099338
JNJ,2025-05-15 14:04:00+00:00,SELL,148.61,41.0,6132.036866666664,148.61,0.0,0.0010766806722689076
JNJ,2025-05-15 14:16:00+00:00,BUY,148.72,41.0,34.5168666666641,148.72,0.0,0.0007652394639590876
JNJ,2025-05-15 14:45:00+00:00,SELL,148.71,41.0,6131.626866666665,148.70999999999998,1.1652900866465643e-12,0.0027838131450298753
JNJ,2025-05-15 14:59:00+00:00,BUY,148.84,41.0,29.186866666664173,148.84,0.0,0.0031312051321215825
JNJ,2025-05-15 15:09:00+00:00,SELL,148.645,41.0,6123.631866666665,148.645,0.0,0.0019628494829567215
JNJ,2025-05-15 15:13:00+00:00,BUY,148.989,41.0,15.082866666664811,148.989,0.0,0.00318619832141747
JNJ,2025-05-15 15:30:00+00:00,SELL,148.97,41.0,6122.852866666664,148.97,0.0,0.0015771657178027389
JNJ,2025-05-15 15:35:00+00:00,BUY,149.07,41.0,10.98286666666445,149.07,0.0,0.004755277197865925
JNJ,2025-05-15 15:36:00+00:00,SELL,149.0,41.0,6119.982866666664,149.0,0.0,0.0026403915507470376
JNJ,2025-05-15 15:55:00+00:00,BUY,148.97,41.0,12.212866666664922,148.97,0.0,0.0023754345307068366
JNJ,2025-05-15 16:18:00+00:00,SELL,149.07,41.0,6124.082866666665,149.07,0.0,0.001619913077834848
JNJ,2025-05-15 16:24:00+00:00,BUY,149.28,41.0,3.6028666666643403,149.28,0.0,0.002443093790966512
JNJ,2025-05-15 16:29:00+00:00,SELL,149.04,41.0,6114.242866666664,149.04,0.0,0.0029160739687055476
JNJ,2025-05-15 16:56:00+00:00,BUY,148.87,41.0,10.572866666663684,148.87,0.0,0.0015575140556146482
JNJ,2025-05-15 17:17:00+00:00,SELL,148.995,41.0,6119.367866666664,148.995,0.0,0.0023511870627365523
JNJ,2025-05-15 17:24:00+00:00,BUY,149.065,41.0,7.702866666663795,149.065,0.0,0.0015050289993392555
JNJ,2025-05-15 17:29:00+00:00,SELL,149.01,41.0,6117.112866666664,149.01,0.0,0.0008392352724444262
JNJ,2025-05-15 17:56:00+00:00,BUY,148.88,41.0,13.032866666663722,148.88,0.0,0.002843273231622746
JNJ,2025-05-15 18:05:00+00:00,SELL,148.8,41.0,6113.832866666664,148.8,0.0,0.0023038885142728704
JNJ,2025-05-15 18:18:00+00:00,BUY,148.905,41.0,8.72786666666343,148.905,0.0,0.0041811136039159695
JNJ,2025-05-15 18:46:00+00:00,SELL,148.97,41.0,6116.497866666663,148.97,0.0,0.002942020665901263
JNJ,2025-05-15 18:49:00+00:00,BUY,149.0898,41.0,3.816066666662664,149.0898,0.0,0.0010224948875255625
JNJ,2025-05-15 19:07:00+00:00,SELL,149.135,41.0,6118.351066666663,149.135,0.0,0.0019990248659190637
JNJ,2025-05-15 19:08:00+00:00,BUY,149.13,41.0,4.021066666662591,149.13,0.0,0.0011444202534472171
JNJ,2025-05-15 19:09:00+00:00,SELL,149.09,41.0,6116.711066666663,149.09,0.0,0.0024168828106578637
JNJ,2025-05-15 19:16:00+00:00,BUY,149.17,41.0,0.7410666666637553,149.17,0.0,0.0015651244464803787
JNJ,2025-05-15 19:40:00+00:00,SELL,149.39,41.0,6125.731066666664,149.39,0.0,0.0011252607311450214
JNJ,2025-05-15 19:56:00+00:00,BUY,149.59,40.0,142.13106666666317,149.59,0.0,0.00035841009282821406
JNJ,2025-05-16 13:00:00+00:00,SELL,149.62,40.0,6126.931066666663,149.62,0.0,0.016863406408094434
JNJ,2025-05-16 13:03:00+00:00,BUY,149.94,40.0,129.331066666663,149.94,0.0,0.33613445378151263
JNJ,2025-05-16 13:25:00+00:00,SELL,149.5,40.0,6109.331066666663,149.5,0.0,0.05141388174807198
JNJ,2025-05-16 13:29:00+00:00,BUY,149.73,40.0,120.13106666666316,149.73,0.0,0.03748828491096532
JNJ,2025-05-16 13:30:00+00:00,SELL,149.715,40.0,6108.731066666664,149.715,0.0,7.221833045663651e-05
JNJ,2025-05-16 13:41:00+00:00,BUY,149.71,40.0,120.331066666663,149.71,0.0,0.002505951635133442
JNJ,2025-05-16 14:14:00+00:00,SELL,150.76,40.0,6150.731066666663,150.76,0.0,0.0017027797880039164
JNJ,2025-05-16 14:23:00+00:00,BUY,151.0004,40.0,110.7150666666621,151.0004,0.0,0.0037896731406916154
JNJ,2025-05-16 14:47:00+00:00,SELL,151.055,40.0,6152.915066666663,151.055,0.0,0.004327131112072695
JNJ,2025-05-16 15:06:00+00:00,BUY,151.205,40.0,104.7150666666621,151.205,0.0,0.002250351617440225
JNJ,2025-05-16 15:13:00+00:00,SELL,150.93,40.0,6141.915066666663,150.93,0.0,0.002738975623116954
JNJ,2025-05-16 15:58:00+00:00,BUY,150.735,40.0,112.51506666666228,150.735,0.0,0.0018097090892639008
JNJ,2025-05-16 15:59:00+00:00,SELL,150.72,40.0,6141.315066666663,150.72,0.0,0.0021953896816684962
JNJ,2025-05-16 16:03:00+00:00,BUY,150.87,40.0,106.51506666666228,150.87,0.0,0.002992667963489451
JNJ,2025-05-16 16:47:00+00:00,SELL,151.25,40.0,6156.515066666662,151.25,0.0,0.006533812479581836
JNJ,2025-05-16 16:58:00+00:00,BUY,151.3,40.0,104.51506666666228,151.3,0.0,0.006530612244897959
JNJ,2025-05-16 17:15:00+00:00,SELL,151.37,40.0,6159.315066666663,151.37,0.0,0.005011903270266884
JNJ,2025-05-16 17:48:00+00:00,BUY,151.15,40.0,113.31506666666246,151.15,0.0,0.0073964497041420114
JNJ,2025-05-16 17:53:00+00:00,SELL,151.11,40.0,6157.715066666663,151.11,0.0,0.003832151753209427
JNJ,2025-05-16 17:55:00+00:00,BUY,151.1208,40.0,112.88306666666269,151.1208,0.0,0.009184845005740528
JNJ,2025-05-16 17:56:00+00:00,SELL,151.06,40.0,6155.283066666662,151.06,0.0,0.007176175098672408
JNJ,2025-05-16 18:08:00+00:00,BUY,151.12,40.0,110.48306666666213,151.12,0.0,0.011494252873563218
JNJ,2025-05-16 18:10:00+00:00,SELL,151.01,40.0,6150.883066666662,151.01,0.0,0.003998800359892032
JNJ,2025-05-16 18:16:00+00:00,BUY,151.09,40.0,107.2830666666614,151.09,0.0,0.00998502246630055
JNJ,2025-05-16 18:23:00+00:00,SELL,151.025,40.0,6148.283066666661,151.025,0.0,0.0006066028722646002
JNJ,2025-05-16 18:26:00+00:00,BUY,151.14,40.0,102.68306666666194,151.14,0.0,0.004181038988188565
JNJ,2025-05-16 18:44:00+00:00,SELL,151.14,40.0,6148.283066666661,151.14,0.0,0.006745362563237774
JNJ,2025-05-16 18:51:00+00:00,BUY,151.3,40.0,96.2830666666614,151.3,0.0,0.0017129153819801302
JNJ,2025-05-16 19:13:00+00:00,SELL,151.25,40.0,6146.283066666661,151.25,0.0,0.001848001848001848
JNJ,2025-05-16 19:39:00+00:00,BUY,151.12,40.0,101.48306666666122,151.12,0.0,0.002263851944082857
JNJ,2025-05-16 22:14:00+00:00,SELL,151.0,40.0,6141.483066666661,151.0,0.0,0.2094240837696335
JNJ,2025-05-19 09:17:00+00:00,BUY,151.53,40.0,80.2830666666614,151.53,0.0,0.058394160583941604
JNJ,2025-05-19 13:40:00+00:00,SELL,151.51,40.0,6140.683066666661,151.51,0.0,0.0025498820679543573
JNJ,2025-05-19 13:56:00+00:00,BUY,151.72,40.0,71.88306666666085,151.72,0.0,0.005085176709890669
JNJ,2025-05-19 14:12:00+00:00,SELL,151.585,40.0,6135.283066666661,151.585,0.0,0.0032685079261317207
JNJ,2025-05-19 14:18:00+00:00,BUY,151.865,40.0,60.68306666666104,151.865,0.0,0.006247071685147587
JNJ,2025-05-19 14:43:00+00:00,SELL,151.93,40.0,6137.883066666662,151.93,0.0,0.007933359777865925
JNJ,2025-05-19 15:00:00+00:00,BUY,152.03,40.0,56.68306666666194,152.03,0.0,0.0033506449991623386
JNJ,2025-05-19 15:29:00+00:00,SELL,152.1,40.0,6140.683066666662,152.1,0.0,0.003660992128866923
JNJ,2025-05-19 15:44:00+00:00,BUY,152.07,40.0,57.88306666666267,152.07,0.0,0.016142050040355124
JNJ,2025-05-19 15:58:00+00:00,SELL,152.0,40.0,6137.883066666663,152.0,0.0,0.014760147601476014
JNJ,2025-05-19 16:09:00+00:00,BUY,152.15,40.0,51.88306666666267,152.15,0.0,0.0065125366330185605
JNJ,2025-05-19 16:28:00+00:00,SELL,152.058,40.0,6134.203066666662,152.058,0.0,0.009454029780193808
JNJ,2025-05-19 16:35:00+00:00,BUY,152.16,40.0,47.80306666666274,152.16,0.0,0.01863932898415657
JNJ,2025-05-19 16:42:00+00:00,SELL,152.03,40.0,6129.003066666663,152.03,0.0,0.004580327493415779
JNJ,2025-05-19 16:47:00+00:00,BUY,152.23,40.0,39.80306666666274,152.23,0.0,0.007679017085813016
JNJ,2025-05-19 17:05:00+00:00,SELL,152.19,40.0,6127.403066666663,152.19,0.0,0.008399832003359933
JNJ,2025-05-19 17:31:00+00:00,BUY,152.1397,40.0,41.81506666666337,152.1397,0.0,0.010601643254704479
JNJ,2025-05-19 17:39:00+00:00,SELL,152.05,40.0,6123.815066666663,152.05,0.0,0.002560819462227913
JNJ,2025-05-19 18:14:00+00:00,BUY,151.92,40.0,47.0150666666641,151.92,0.0,0.007995202878273036
JNJ,2025-05-19 18:15:00+00:00,SELL,151.83,40.0,6120.215066666665,151.83,0.0,0.005971931919976112
JNJ,2025-05-19 18:23:00+00:00,BUY,151.92,40.0,43.41506666666555,151.92,0.0,0.006989341254586755
JNJ,2025-05-19 18:58:00+00:00,SELL,152.125,40.0,6128.415066666666,152.125,0.0,0.007580064430547659
JNJ,2025-05-19 19:02:00+00:00,BUY,152.2,40.0,40.41506666666555,152.2,0.0,0.008036970062286517
JNJ,2025-05-19 19:09:00+00:00,SELL,152.155,40.0,6126.615066666665,152.155,0.0,0.005159958720330237
JNJ,2025-05-19 19:24:00+00:00,BUY,152.12,40.0,41.81506666666519,152.12,0.0,0.004342633807404191
JNJ,2025-05-19 20:35:00+00:00,SELL,152.39,40.0,6137.415066666665,152.39,0.0,0.3418803418803419
JNJ,2025-05-20 10:34:00+00:00,BUY,152.88,40.0,22.215066666664825,152.88,0.0,0.019249278152069296
JNJ,2025-05-20 14:17:00+00:00,SELL,153.3562,40.0,6156.463066666664,153.3562,0.0,0.0017806267806267807
JNJ,2025-05-20 14:33:00+00:00,BUY,153.38,40.0,21.2630666666646,153.38,0.0,0.002161227577263886
JNJ,2025-05-20 14:46:00+00:00,SELL,153.385,40.0,6156.663066666664,153.385,0.0,0.001511258878645912
JNJ,2025-05-20 14:52:00+00:00,BUY,153.39,40.0,21.06306666666478,153.39,0.0,0.001816860465116279
JNJ,2025-05-20 15:01:00+00:00,SELL,153.19,40.0,6148.663066666665,153.19,0.0,0.002044989775051125
JNJ,2025-05-20 15:13:00+00:00,BUY,153.415,40.0,12.06306666666569,153.415,0.0,0.003112356053532524
JNJ,2025-05-20 15:29:00+00:00,SELL,153.47,40.0,6150.863066666666,153.47,0.0,0.0027789356676392943
JNJ,2025-05-20 15:42:00+00:00,BUY,153.543,40.0,9.143066666665618,153.543,0.0,0.0017287578874578616
JNJ,2025-05-20 15:44:00+00:00,SELL,153.42,40.0,6145.943066666665,153.42,0.0,0.0023356300362022656
JNJ,2025-05-20 16:03:00+00:00,BUY,153.36,40.0,11.543066666664345,153.36,0.0,0.005302226935312832
JNJ,2025-05-20 16:06:00+00:00,SELL,153.2,40.0,6139.543066666664,153.2,0.0,0.0013504388926401081
JNJ,2025-05-20 16:28:00+00:00,BUY,153.245,40.0,9.743066666664165,153.245,0.0,0.0036317414200108954
JNJ,2025-05-20 16:53:00+00:00,SELL,153.345,40.0,6143.543066666664,153.345,0.0,0.003840983291722681
JNJ,2025-05-20 17:00:00+00:00,BUY,153.46,40.0,5.143066666663799,153.46,0.0,0.001324415601615787
JNJ,2025-05-20 17:42:00+00:00,SELL,153.77,40.0,6155.943066666664,153.77,0.0,0.0017834849295523454
JNJ,2025-05-20 17:53:00+00:00,BUY,153.88,40.0,0.7430666666641628,153.88,0.0,0.0018749414080809976
JNJ,2025-05-20 18:18:00+00:00,SELL,153.88,40.0,6155.943066666664,153.88,0.0,0.003368137420006736
JNJ,2025-05-20 18:40:00+00:00,BUY,153.62,40.0,11.1430666666638,153.62,0.0,0.0016290624745458988
JNJ,2025-05-20 18:43:00+00:00,SELL,153.535,40.0,6152.543066666663,153.535,0.0,0.0013958682300390843
JNJ,2025-05-20 19:09:00+00:00,BUY,153.52,40.0,11.743066666663251,153.51999999999998,1.1368683772161603e-12,0.002817695125387433
JNJ,2025-05-20 19:44:00+00:00,SELL,153.51,40.0,6152.143066666663,153.51,0.0,0.0017260723224303098
JNJ,2025-05-20 19:59:00+00:00,BUY,153.63,40.0,6.943066666663071,153.63,0.0,0.00017059751780611592
JNJ,2025-05-20 20:04:00+00:00,SELL,153.0,40.0,6126.943066666663,153.0,0.0,0.1694915254237288
JNJ,2025-05-20 22:41:00+00:00,BUY,153.8,39.0,128.74306666666234,153.8,0.0,0.02360774818401937
JNJ,2025-05-21 11:14:00+00:00,SELL,153.52,39.0,6116.023066666663,153.52,0.0,0.2549019607843137
JNJ,2025-05-21 13:35:00+00:00,BUY,153.6325,39.0,124.35556666666344,153.6325,0.0,0.0060455743295613085
JNJ,2025-05-21 13:46:00+00:00,SELL,153.4894,39.0,6110.442166666663,153.4894,0.0,0.004716410690530899
JNJ,2025-05-21 13:59:00+00:00,BUY,153.55,39.0,121.99216666666234,153.55,0.0,0.004352678571428572
JNJ,2025-05-21 14:19:00+00:00,SELL,153.795,39.0,6119.9971666666615,153.795,0.0,0.003698084581831974
JNJ,2025-05-21 14:32:00+00:00,BUY,153.93,39.0,116.7271666666611,153.93,0.0,0.0066643882433356115
JNJ,2025-05-21 14:39:00+00:00,SELL,153.78,39.0,6114.147166666661,153.78,0.0,0.005377826806398235
JNJ,2025-05-21 15:08:00+00:00,BUY,153.85,39.0,113.99716666666154,153.85,0.0,0.004498269896193772
JNJ,2025-05-21 15:50:00+00:00,SELL,154.19,39.0,6127.407166666661,154.19,0.0,0.007011866235167206
JNJ,2025-05-21 15:55:00+00:00,BUY,154.38,39.0,106.58716666666167,154.38,0.0,0.009044526901669759
JNJ,2025-05-21 15:59:00+00:00,SELL,154.226,39.0,6121.401166666662,154.226,0.0,0.0035737194172088334
JNJ,2025-05-21 16:10:00+00:00,BUY,154.235,39.0,106.23616666666112,154.235,0.0,0.00999487442337263
JNJ,2025-05-21 16:18:00+00:00,SELL,154.15,39.0,6118.0861666666615,154.15,0.0,0.016115702479338842
JNJ,2025-05-21 16:34:00+00:00,BUY,154.135,39.0,106.82116666666208,154.135,0.0,0.01019074993467468
JNJ,2025-05-21 16:44:00+00:00,SELL,154.075,39.0,6115.746166666661,154.075,0.0,0.00764406115248922
JNJ,2025-05-21 17:06:00+00:00,BUY,154.105,39.0,105.651166666662,154.105,0.0,0.004388926401080351
JNJ,2025-05-21 17:11:00+00:00,SELL,154.04,39.0,6113.2111666666615,154.04,0.0,0.006482712765957447
JNJ,2025-05-21 17:34:00+00:00,BUY,153.86,39.0,112.6711666666606,153.86,0.0,0.004092769440654843
JNJ,2025-05-21 17:50:00+00:00,SELL,153.845,39.0,6112.6261666666605,153.845,0.0,0.004707302353651177
JNJ,2025-05-21 18:09:00+00:00,BUY,153.7376,39.0,116.85976666666102,153.7376,0.0,0.001067381903771416
JNJ,2025-05-21 18:21:00+00:00,SELL,153.55,39.0,6105.309766666662,153.55000000000004,-1.1084466677857563e-12,0.0027643889991494186
JNJ,2025-05-21 18:35:00+00:00,BUY,153.729,39.0,109.87876666666124,153.729,0.0,0.004848334162108404
JNJ,2025-05-21 18:46:00+00:00,SELL,153.545,39.0,6098.13376666666,153.545,0.0,0.007340485601355167
JNJ,2025-05-21 19:14:00+00:00,BUY,153.59,39.0,108.12376666666025,153.59,0.0,0.005731922398589065
JNJ,2025-05-21 19:27:00+00:00,SELL,153.5101,39.0,6095.01766666666,153.5101,0.0,0.009176470588235295
JNJ,2025-05-21 19:35:00+00:00,BUY,153.535,39.0,107.15266666666048,153.535,0.0,0.0040152373108205495
JNJ,2025-05-21 19:44:00+00:00,SELL,153.5,39.0,6093.6526666666605,153.5,0.0,0.0038636813948880523
JNJ,2025-05-21 23:50:00+00:00,BUY,153.26,39.0,116.51266666666106,153.26,0.0,0.078
JNJ,2025-05-21 23:56:00+00:00,SELL,153.1801,39.0,6090.536566666661,153.1801,0.0,0.0324459234608985
JNJ,2025-05-22 08:39:00+00:00,BUY,153.36,39.0,109.49656666666031,153.36,0.0,0.26
JNJ,2025-05-22 10:33:00+00:00,SELL,153.08,39.0,6079.616566666661,153.08,0.0,0.15057915057915058
JNJ,2025-05-22 13:40:00+00:00,BUY,152.95,39.0,114.56656666666186,152.95,0.0,0.00402559867877787
JNJ,2025-05-22 13:47:00+00:00,SELL,152.61,39.0,6066.356566666663,152.61,0.0,0.0065086782376502
JNJ,2025-05-22 14:14:00+00:00,BUY,152.1556,39.0,132.28816666666262,152.1556,0.0,0.0015845285011985536
JNJ,2025-05-22 14:25:00+00:00,SELL,152.0445,39.0,6062.023666666662,152.0445,0.0,0.0026487367563162185
JNJ,2025-05-22 15:01:00+00:00,BUY,151.7934,39.0,142.081066666663,151.7934,0.0,0.003317172748150038
JNJ,2025-05-22 15:04:00+00:00,SELL,151.6269,39.0,6055.530166666663,151.6269,0.0,0.0033313402237977277
JNJ,2025-05-22 15:30:00+00:00,BUY,151.5401,39.0,145.4662666666627,151.5401,0.0,0.0028695460231035245
JNJ,2025-05-22 16:40:00+00:00,SELL,152.315,39.0,6085.751266666663,152.315,0.0,0.0063892529488859765
JNJ,2025-05-22 17:14:00+00:00,BUY,152.065,40.0,3.151266666662196,152.065,0.0,0.0009652742585487101
JNJ,2025-05-22 18:12:00+00:00,SELL,152.95,40.0,6121.151266666662,152.95,0.0,0.003761873412959654
JNJ,2025-05-22 18:14:00+00:00,BUY,153.16,39.0,147.9112666666624,153.16,0.0,0.004835709857408555
JNJ,2025-05-22 18:32:00+00:00,SELL,153.11,39.0,6119.201266666663,153.11,0.0,0.0054226918798665185
JNJ,2025-05-22 18:53:00+00:00,BUY,153.03,39.0,151.0312666666632,153.03,0.0,0.005671077504725898
JNJ,2025-05-22 19:06:00+00:00,SELL,153.045,39.0,6119.786266666662,153.045,0.0,0.006044637321760695
JNJ,2025-05-22 19:16:00+00:00,BUY,153.09,39.0,149.2762666666622,153.09,0.0,0.005556347057985468
JNJ,2025-05-22 19:36:00+00:00,SELL,153.14,39.0,6121.736266666661,153.14,0.0,0.007138934651290499
JNJ,2025-05-23 12:36:00+00:00,BUY,153.15,39.0,148.88626666666096,153.15,0.0,0.15725806451612903
JNJ,2025-05-23 13:36:00+00:00,SELL,152.78,39.0,6107.306266666661,152.78,0.0,0.001153197906502262
JNJ,2025-05-23 13:50:00+00:00,BUY,152.88,39.0,144.98626666666132,152.88,0.0,0.0037295591469828824
JNJ,2025-05-23 13:58:00+00:00,SELL,152.6432,39.0,6098.071066666662,152.6432,0.0,0.004259501965923985
JNJ,2025-05-23 14:03:00+00:00,BUY,152.9,39.0,134.9710666666615,152.9,0.0,0.003505933117583603
JNJ,2025-05-23 14:20:00+00:00,SELL,152.75,39.0,6092.2210666666615,152.75,0.0,0.005424200278164116
JNJ,2025-05-23 14:33:00+00:00,BUY,152.89,39.0,129.51106666666237,152.89,0.0,0.008699531563685033
JNJ,2025-05-23 14:38:00+00:00,SELL,152.7,39.0,6084.811066666662,152.7,0.0,0.00634455832113226
JNJ,2025-05-23 15:09:00+00:00,BUY,152.49,39.0,137.70106666666106,152.49,0.0,0.0027873070325900515
JNJ,2025-05-23 15:19:00+00:00,SELL,152.3,39.0,6077.401066666662,152.3,0.0,0.0017455131361052679
JNJ,2025-05-23 15:20:00+00:00,BUY,152.4363,39.0,132.38536666666187,152.4363,0.0,0.003316890627657765
JNJ,2025-05-23 15:21:00+00:00,SELL,152.42,39.0,6076.765366666661,152.42,0.0,0.00425531914893617
JNJ,2025-05-23 15:31:00+00:00,BUY,152.4,39.0,133.1653666666607,152.4,0.0,0.00906344410876133
JNJ,2025-05-23 15:54:00+00:00,SELL,152.65,39.0,6086.515366666661,152.65,0.0,0.008383490971625107
JNJ,2025-05-23 15:57:00+00:00,BUY,152.67,39.0,132.38536666666187,152.67,0.0,0.004224436741767764
JNJ,2025-05-23 16:06:00+00:00,SELL,152.6,39.0,6083.7853666666615,152.6,0.0,0.011107946454001708
JNJ,2025-05-23 16:22:00+00:00,BUY,152.66,39.0,130.04536666666172,152.66,0.0,0.0029944717444717445
JNJ,2025-05-23 16:32:00+00:00,SELL,152.52,39.0,6078.325366666662,152.52,0.0,0.009582309582309583
JNJ,2025-05-23 16:38:00+00:00,BUY,152.76,39.0,120.68536666666296,152.76,0.0,0.003648610721302273
JNJ,2025-05-23 16:45:00+00:00,SELL,152.58,39.0,6071.305366666664,152.58,0.0,0.009495982468955442
JNJ,2025-05-23 16:54:00+00:00,BUY,152.72,39.0,115.22536666666385,152.72,0.0,0.004341534008683068
JNJ,2025-05-23 17:42:00+00:00,SELL,152.91,39.0,6078.715366666664,152.91,0.0,0.007965686274509803
JNJ,2025-05-23 17:47:00+00:00,BUY,153.13,39.0,106.6453666666639,153.13,0.0,0.006345590628050765
JNJ,2025-05-23 17:57:00+00:00,SELL,152.99,39.0,6073.2553666666645,152.99,0.0,0.007618675522563001
JNJ,2025-05-23 18:05:00+00:00,BUY,153.165,39.0,99.820366666665,153.165,0.0,0.004437364887928092
JNJ,2025-05-23 18:21:00+00:00,SELL,153.1,39.0,6070.720366666665,153.1,0.0,0.016352201257861635
JNJ,2025-05-23 18:33:00+00:00,BUY,153.15,39.0,97.87036666666428,153.15,0.0,0.01344364012409514
JNJ,2025-05-23 18:41:00+00:00,SELL,153.095,39.0,6068.575366666664,153.095,0.0,0.01065864990434545
JNJ,2025-05-23 19:09:00+00:00,BUY,153.07,39.0,98.84536666666465,153.07,0.0,0.005218787635487756
JNJ,2025-05-23 19:24:00+00:00,SELL,153.12,39.0,6070.525366666665,153.12,0.0,0.0031257513825438807
JNJ,2025-05-23 19:35:00+00:00,BUY,153.15,39.0,97.67536666666456,153.15,0.0,0.00328089509548246
JNJ,2025-05-23 19:50:00+00:00,SELL,153.05,39.0,6066.625366666665,153.05,0.0,0.0015148572538356963
JNJ,2025-05-27 12:11:00+00:00,BUY,152.75,39.0,109.37536666666529,152.75,0.0,0.035845588235294115
JNJ,2025-05-27 13:29:00+00:00,SELL,152.34,39.0,6050.6353666666655,152.34,0.0,0.291044776119403
JNJ,2025-05-27 13:35:00+00:00,BUY,152.705,39.0,95.1403666666647,152.705,0.0,0.0033963250021771313
JNJ,2025-05-27 13:50:00+00:00,SELL,152.9,39.0,6058.240366666665,152.9,0.0,0.002923538230884558
JNJ,2025-05-27 14:34:00+00:00,BUY,152.6,39.0,106.84036666666545,152.6,0.0,0.00408205987021143
JNJ,2025-05-27 15:01:00+00:00,SELL,152.79,39.0,6065.650366666665,152.79,0.0,0.008079552517091361
JNJ,2025-05-27 15:23:00+00:00,BUY,152.59,39.0,114.6403666666647,152.59,0.0,0.007837620578778135
JNJ,2025-05-27 15:36:00+00:00,SELL,152.56,39.0,6064.480366666665,152.56,0.0,0.006240998559769563
JNJ,2025-05-27 16:04:00+00:00,BUY,152.63,39.0,111.91036666666514,152.63,0.0,0.004559270516717325
JNJ,2025-05-27 16:15:00+00:00,SELL,152.495,39.0,6059.215366666665,152.495,0.0,0.00874047512326311
JNJ,2025-05-27 16:29:00+00:00,BUY,152.49,39.0,112.10536666666484,152.49,0.0,0.0036367027228646027
JNJ,2025-05-27 17:09:00+00:00,SELL,152.763,39.0,6069.862366666665,152.763,0.0,0.016638225255972697
JNJ,2025-05-27 17:24:00+00:00,BUY,152.72,39.0,113.78236666666544,152.72,0.0,0.00450190465196814
JNJ,2025-05-27 17:25:00+00:00,SELL,152.653,39.0,6067.249366666665,152.653,0.0,0.005703422053231939
JNJ,2025-05-27 17:38:00+00:00,BUY,152.685,39.0,112.53436666666494,152.685,0.0,0.006404992609623912
JNJ,2025-05-27 18:09:00+00:00,SELL,152.915,39.0,6076.219366666664,152.915,0.0,0.009568204121687929
JNJ,2025-05-27 18:11:00+00:00,BUY,153.07,39.0,106.48936666666486,153.07,0.0,0.0017314095449500555
JNJ,2025-05-27 18:52:00+00:00,SELL,153.5278,39.0,6094.073566666665,153.5278,0.0,0.006124371859296482
JNJ,2025-05-27 18:58:00+00:00,BUY,153.73,39.0,98.60356666666576,153.73,0.0,0.003995082974800246
JNJ,2025-05-27 19:26:00+00:00,SELL,153.875,39.0,6099.728566666666,153.875,0.0,0.004283831282952549
JNJ,2025-05-27 19:41:00+00:00,BUY,153.9,39.0,97.6285666666654,153.9,0.0,0.0031227480182560653
JNJ,2025-05-27 19:44:00+00:00,SELL,153.79,39.0,6095.438566666665,153.79,0.0,0.003510983075261073
JNJ,2025-05-28 13:32:00+00:00,BUY,153.19,39.0,121.02856666666504,153.19,0.0,0.0014060641021018856
JNJ,2025-05-28 13:49:00+00:00,SELL,153.14,39.0,6093.488566666664,153.13999999999996,1.1084466677857563e-12,0.0013426515647054773
JNJ,2025-05-28 14:06:00+00:00,BUY,153.09,39.0,122.97856666666394,153.09,0.0,0.004701627486437613
JNJ,2025-05-28 14:11:00+00:00,SELL,152.93,39.0,6087.248566666664,152.93,0.0,0.001466385922695142
JNJ,2025-05-28 14:24:00+00:00,BUY,153.01,39.0,119.85856666666496,153.01,0.0,0.00619933237958989
JNJ,2025-05-28 14:33:00+00:00,SELL,152.825,39.0,6080.033566666664,152.825,0.0,0.002330863016973464
JNJ,2025-05-28 15:03:00+00:00,BUY,152.67,39.0,125.90356666666504,152.67,0.0,0.007614213197969543
JNJ,2025-05-28 15:10:00+00:00,SELL,152.495,39.0,6073.208566666665,152.495,0.0,0.004317502490866822
JNJ,2025-05-28 15:26:00+00:00,BUY,152.47,39.0,126.8785666666654,152.47,0.0,0.0026338893766461808
JNJ,2025-05-28 15:43:00+00:00,SELL,152.33,39.0,6067.748566666666,152.33,0.0,0.003286424538636555
JNJ,2025-05-28 15:49:00+00:00,BUY,152.54,39.0,118.6885666666667,152.54,0.0,0.008556384379113647
JNJ,2025-05-28 16:00:00+00:00,SELL,152.3,39.0,6058.388566666667,152.3,0.0,0.007417268923545074
JNJ,2025-05-28 16:22:00+00:00,BUY,152.2501,39.0,120.63466666666773,152.2501,0.0,0.004065464401125821
JNJ,2025-05-28 16:59:00+00:00,SELL,152.62,39.0,6072.814666666668,152.62,0.0,0.005156002115282919
JNJ,2025-05-28 17:05:00+00:00,BUY,152.75,39.0,115.56466666666802,152.75,0.0,0.00950524006824275
JNJ,2025-05-28 17:21:00+00:00,SELL,152.69,39.0,6070.474666666668,152.69,0.0,0.00936374549819928
JNJ,2025-05-28 18:21:00+00:00,BUY,152.105,39.0,138.37966666666853,152.105,0.0,0.0030514044284484783
JNJ,2025-05-28 18:44:00+00:00,SELL,152.1425,39.0,6071.937166666669,152.1425,0.0,0.002492012779552716
JNJ,2025-05-28 18:50:00+00:00,BUY,152.22,39.0,135.3571666666694,152.22,0.0,0.003002540611286473
JNJ,2025-05-28 18:53:00+00:00,SELL,152.16,39.0,6069.597166666669,152.16,0.0,0.004323245759893582
JNJ,2025-05-28 18:57:00+00:00,BUY,152.325,39.0,128.9221666666699,152.32499999999996,1.1084466677857563e-12,0.002728608409711047
JNJ,2025-05-28 19:34:00+00:00,SELL,152.535,39.0,6077.78716666667,152.535,0.0,0.0012993936163123877
JNJ,2025-05-28 19:41:00+00:00,BUY,152.69,39.0,122.87716666666984,152.69,0.0,0.0040012311480455524
JNJ,2025-05-28 19:49:00+00:00,SELL,152.59,39.0,6073.88716666667,152.59,0.0,0.0016830657690315898
JNJ,2025-05-28 23:17:00+00:00,BUY,153.4,39.0,91.28716666666968,153.4,0.0,0.2074468085106383
JNJ,2025-05-29 10:47:00+00:00,SELL,151.86,39.0,6013.827166666671,151.86,0.0,0.03757225433526012
JNJ,2025-05-29 13:34:00+00:00,BUY,152.46,39.0,67.88716666667005,152.46,0.0,0.0040625
JNJ,2025-05-29 14:16:00+00:00,SELL,153.72,39.0,6062.96716666667,153.72,0.0,0.0037956204379562043
JNJ,2025-05-29 14:39:00+00:00,BUY,153.36,39.0,81.92716666666911,153.36,0.0,0.0055658627087198514
JNJ,2025-05-29 14:46:00+00:00,SELL,153.205,39.0,6056.92216666667,153.205,0.0,0.0030834914611005695
JNJ,2025-05-29 15:29:00+00:00,BUY,152.85,39.0,95.77216666667027,152.85,0.0,0.005854097868507956
JNJ,2025-05-29 15:34:00+00:00,SELL,152.59,39.0,6046.782166666671,152.59,0.0,0.005531914893617021
JNJ,2025-05-29 15:55:00+00:00,BUY,152.55,39.0,97.33216666666976,152.55,0.0,0.006638297872340425
JNJ,2025-05-29 16:00:00+00:00,SELL,152.33,39.0,6038.202166666671,152.33,0.0,0.0018519397882140653
JNJ,2025-05-29 16:02:00+00:00,BUY,152.535,39.0,89.33716666667078,152.535,0.0,0.007084468664850136
JNJ,2025-05-29 16:29:00+00:00,SELL,152.74,39.0,6046.197166666671,152.74,0.0,0.00559059633027523
JNJ,2025-05-29 16:34:00+00:00,BUY,152.9,39.0,83.097166666671,152.9,0.0,0.004648945047085469
JNJ,2025-05-29 16:49:00+00:00,SELL,152.705,39.0,6038.592166666672,152.705,0.0,0.0022688928966199313
JNJ,2025-05-29 17:00:00+00:00,BUY,152.89,39.0,75.88216666667267,152.89,0.0,0.011690647482014389
JNJ,2025-05-29 17:13:00+00:00,SELL,152.795,39.0,6034.887166666672,152.795,0.0,0.007408814589665654
JNJ,2025-05-29 17:21:00+00:00,BUY,152.95,39.0,69.8371666666726,152.95,0.0,0.006328086970631186
JNJ,2025-05-29 17:37:00+00:00,SELL,152.91,39.0,6033.327166666672,152.91,0.0,0.006939501779359431
JNJ,2025-05-29 17:47:00+00:00,BUY,153.045,39.0,64.57216666667318,153.045,0.0,0.008825526137135099
JNJ,2025-05-29 18:11:00+00:00,SELL,153.04,39.0,6033.132166666673,153.04,0.0,0.0056984219754529514
JNJ,2025-05-29 18:24:00+00:00,BUY,153.19,39.0,58.72216666667282,153.19,0.0,0.006787330316742082
JNJ,2025-05-29 18:51:00+00:00,SELL,153.26,39.0,6035.862166666672,153.26,0.0,0.008296107211231652
JNJ,2025-05-29 19:03:00+00:00,BUY,153.3,39.0,57.16216666667151,153.3,0.0,0.004640647310804379
JNJ,2025-05-29 19:09:00+00:00,SELL,153.273,39.0,6034.809166666671,153.273,0.0,0.006478405315614618
JNJ,2025-05-29 19:19:00+00:00,BUY,153.34,39.0,54.549166666671226,153.34,0.0,0.0048291233283803865
JNJ,2025-05-29 19:49:00+00:00,SELL,153.52,39.0,6041.829166666672,153.52,0.0,0.001838062022810821
JNJ,2025-05-30 08:29:00+00:00,BUY,153.1,39.0,70.92916666667224,153.1,0.0,0.05718475073313783
JNJ,2025-05-30 14:03:00+00:00,SELL,154.74,39.0,6105.789166666673,154.74,0.0,0.002198917456021651
JNJ,2025-05-30 14:31:00+00:00,BUY,154.28,39.0,88.86916666667275,154.28,0.0,0.0020386826973340304
JNJ,2025-05-30 14:32:00+00:00,SELL,154.2,39.0,6102.669166666672,154.2,0.0,0.0018217488789237669
JNJ,2025-05-30 14:49:00+00:00,BUY,154.35,39.0,83.01916666667239,154.35,0.0,0.0024193548387096775
JNJ,2025-05-30 15:30:00+00:00,SELL,154.58,39.0,6111.639166666673,154.58,0.0,0.0028256774380524563
JNJ,2025-05-30 15:50:00+00:00,BUY,154.63,39.0,81.06916666667348,154.63,0.0,0.0011899676572893147
JNJ,2025-05-30 16:00:00+00:00,SELL,154.51,39.0,6106.959166666673,154.51,0.0,0.0030878859857482186
JNJ,2025-05-30 16:03:00+00:00,BUY,154.62,39.0,76.77916666667261,154.62,0.0,0.001161543959971408
JNJ,2025-05-30 16:17:00+00:00,SELL,154.59,39.0,6105.789166666673,154.59,0.0,0.0026822558459422283
JNJ,2025-05-30 16:36:00+00:00,BUY,154.7739,39.0,69.60706666667284,154.7739,0.0,0.0015
JNJ,2025-05-30 16:44:00+00:00,SELL,154.42,39.0,6091.987066666672,154.42,0.0,0.0013335156944539424
JNJ,2025-05-30 16:54:00+00:00,BUY,154.6,39.0,62.5870666666724,154.6,0.0,0.005090054815974941
JNJ,2025-05-30 16:57:00+00:00,SELL,154.49,39.0,6087.697066666673,154.49,0.0,0.0022545959070412766
JNJ,2025-05-30 17:01:00+00:00,BUY,154.5357,39.0,60.80476666667346,154.53569999999996,1.1084466677857563e-12,0.0024026614095613605
JNJ,2025-05-30 17:10:00+00:00,SELL,154.4,39.0,6082.404766666674,154.4,0.0,0.0016334394370916402
JNJ,2025-05-30 17:20:00+00:00,BUY,154.63,39.0,51.83476666667411,154.63,0.0,0.0002454868192461666
JNJ,2025-05-30 17:35:00+00:00,SELL,154.62,39.0,6082.014766666674,154.62,0.0,0.005463715326421967
JNJ,2025-05-30 17:47:00+00:00,BUY,154.66,39.0,50.27476666667462,154.66,0.0,0.002428091146806126
JNJ,2025-05-30 18:22:00+00:00,SELL,155.04,39.0,6096.834766666674,155.04,0.0,0.0029558890404729424
JNJ,2025-05-30 18:39:00+00:00,BUY,155.115,39.0,47.34976666667353,155.115,0.0,0.0025793650793650793
JNJ,2025-05-30 18:44:00+00:00,SELL,154.98,39.0,6091.569766666673,154.98,0.0,0.0023734177215189874
JNJ,2025-05-30 19:05:00+00:00,BUY,155.04,39.0,45.009766666673386,155.04,0.0,0.002293038570084666
JNJ,2025-05-30 19:32:00+00:00,SELL,155.23,39.0,6098.979766666673,155.23,0.0,0.0008637873754152824
JNJ,2025-05-30 19:36:00+00:00,BUY,155.44,39.0,36.81976666667288,155.44,0.0,0.0011532320066236915
JNJ,2025-05-30 19:42:00+00:00,SELL,155.21,39.0,6090.009766666673,155.21,0.0,0.001187793141256015
JNJ,2025-05-30 19:49:00+00:00,BUY,155.44,39.0,27.84976666667353,155.44,0.0,0.00039593104708533837
JNJ,2025-05-30 19:55:00+00:00,SELL,154.96,39.0,6071.289766666674,154.96,0.0,0.00012210088664028453
JNJ,2025-05-30 20:26:00+00:00,BUY,155.211,39.0,18.06076666667377,155.211,0.0,0.11079545454545454
JNJ,2025-06-02 10:11:00+00:00,SELL,154.9,39.0,6059.160766666674,154.9,0.0,0.06521739130434782
JNJ,2025-06-02 13:19:00+00:00,BUY,155.07,39.0,11.430766666674572,155.07,0.0,0.011494252873563218
JNJ,2025-06-02 13:30:00+00:00,SELL,154.0523,39.0,6019.470466666675,154.0523,0.0,0.00030015931532890533
JNJ,2025-06-02 13:48:00+00:00,BUY,153.38,39.0,37.65046666667513,153.38,0.0,0.0028116213683223993
JNJ,2025-06-02 13:53:00+00:00,SELL,152.885,39.0,6000.165466666675,152.885,0.0,0.0023586332022981554
JNJ,2025-06-02 14:09:00+00:00,BUY,152.805,39.0,40.77046666667411,152.805,0.0,0.0030494956603330987
JNJ,2025-06-02 15:01:00+00:00,SELL,154.09,39.0,6050.280466666674,154.09,0.0,0.005611510791366906
JNJ,2025-06-02 15:12:00+00:00,BUY,154.23,39.0,35.310466666674984,154.23,0.0,0.007058823529411765
JNJ,2025-06-02 15:14:00+00:00,SELL,154.11,39.0,6045.600466666676,154.11,0.0,0.005546075085324232
JNJ,2025-06-02 15:22:00+00:00,BUY,154.23,39.0,30.63046666667651,154.23,0.0,0.0025156421337805585
JNJ,2025-06-02 15:26:00+00:00,SELL,154.05,39.0,6038.580466666677,154.05,0.0,0.005191002262744576
JNJ,2025-06-02 15:44:00+00:00,BUY,154.095,39.0,28.875466666677312,154.095,0.0,0.004576390518657592
JNJ,2025-06-02 16:17:00+00:00,SELL,154.23,39.0,6043.845466666677,154.23,0.0,0.003972700417642865
JNJ,2025-06-02 16:54:00+00:00,BUY,154.21,39.0,29.655466666676148,154.21,0.0,0.009339080459770116
JNJ,2025-06-02 17:53:00+00:00,SELL,154.68,39.0,6062.175466666677,154.68000000000004,-1.1084466677857563e-12,0.009903504316912138
JNJ,2025-06-02 18:17:00+00:00,BUY,154.69,39.0,29.26546666667673,154.69,0.0,0.005385996409335727
JNJ,2025-06-02 18:38:00+00:00,SELL,154.855,39.0,6068.610466666676,154.855,0.0,0.0038397164517081817
JNJ,2025-06-02 18:51:00+00:00,BUY,154.9,39.0,27.51046666667571,154.9,0.0,0.008194998949359109
JNJ,2025-06-02 19:16:00+00:00,SELL,155.02,39.0,6073.290466666676,155.02,0.0,0.0048713464901324
JNJ,2025-06-02 19:26:00+00:00,BUY,155.08,39.0,25.17046666667557,155.08000000000004,-1.1084466677857563e-12,0.0054667788057190915
JNJ,2025-06-02 19:29:00+00:00,SELL,155.04,39.0,6071.730466666675,155.04,0.0,0.005045278137128072
JNJ,2025-06-02 19:39:00+00:00,BUY,154.99,39.0,27.120466666674474,154.99,0.0,0.0025918787798232205
JNJ,2025-06-02 19:41:00+00:00,SELL,155.06,39.0,6074.460466666675,155.06,0.0,0.0022315042627453225
JNJ,2025-06-02 19:42:00+00:00,BUY,155.09,39.0,25.9504666666744,155.09,0.0,0.003720663995420721
JNJ,2025-06-03 08:01:00+00:00,SELL,154.75,39.0,6061.200466666674,154.75,0.0,0.0835117773019272
JNJ,2025-06-03 13:38:00+00:00,BUY,155.06,39.0,13.860466666674256,155.06,0.0,0.0029167601525689926
JNJ,2025-06-03 13:54:00+00:00,SELL,154.93,39.0,6056.130466666675,154.93,0.0,0.0030696576151121604
JNJ,2025-06-03 14:22:00+00:00,BUY,154.56,39.0,28.290466666674547,154.56,0.0,0.004275846946606732
JNJ,2025-06-03 14:51:00+00:00,SELL,154.72,39.0,6062.3704666666745,154.72,0.0,0.002309195334241222
JNJ,2025-06-03 14:57:00+00:00,BUY,154.925,39.0,20.295466666673747,154.925,0.0,0.0025188916876574307
JNJ,2025-06-03 15:17:00+00:00,SELL,154.855,39.0,6059.640466666673,154.855,0.0,0.003589177250138045
JNJ,2025-06-03 15:27:00+00:00,BUY,154.9,39.0,18.540466666672728,154.9,0.0,0.005940594059405941
JNJ,2025-06-03 15:35:00+00:00,SELL,154.8,39.0,6055.7404666666735,154.8,0.0,0.005456071628427532
JNJ,2025-06-03 15:48:00+00:00,BUY,154.89,39.0,15.030466666674329,154.89,0.0,0.005898366606170599
JNJ,2025-06-03 15:58:00+00:00,SELL,154.82,39.0,6053.010466666674,154.82,0.0,0.025440313111545987
JNJ,2025-06-03 16:18:00+00:00,BUY,154.75,39.0,17.760466666673892,154.75,0.0,0.005864661654135338
JNJ,2025-06-03 16:28:00+00:00,SELL,154.47,39.0,6042.090466666674,154.47,0.0,0.01046979865771812
JNJ,2025-06-03 16:45:00+00:00,BUY,154.4402,39.0,18.92266666667365,154.4402,0.0,0.006795608991113434
JNJ,2025-06-03 16:49:00+00:00,SELL,154.41,39.0,6040.912666666673,154.41,0.0,0.027121001390820583
JNJ,2025-06-03 17:05:00+00:00,BUY,154.4779,39.0,16.27456666667331,154.4779,0.0,0.015879478827361564
JNJ,2025-06-03 17:21:00+00:00,SELL,154.45,39.0,6039.824566666673,154.45,0.0,0.00998719590268886
JNJ,2025-06-03 17:24:00+00:00,BUY,154.47,39.0,15.494566666672654,154.47,0.0,0.008592200925313946
JNJ,2025-06-03 17:25:00+00:00,SELL,154.3901,39.0,6036.708466666672,154.3901,0.0,0.006986743102830526
JNJ,2025-06-03 17:26:00+00:00,BUY,154.46,39.0,12.768466666671884,154.46,0.0,0.01449814126394052
JNJ,2025-06-03 17:27:00+00:00,SELL,154.36,39.0,6032.808466666673,154.36,0.0,0.012782694198623401
JNJ,2025-06-03 17:33:00+00:00,BUY,154.62,39.0,2.628466666672466,154.62,0.0,0.0019018823758899833
JNJ,2025-06-03 17:49:00+00:00,SELL,154.5524,39.0,6030.172066666672,154.5524,0.0,0.005604253484696077
JNJ,2025-06-03 17:54:00+00:00,BUY,154.565,39.0,2.137066666672581,154.565,0.0,0.006656426011264721
JNJ,2025-06-03 17:55:00+00:00,SELL,154.55,39.0,6029.587066666673,154.55,0.0,0.0041890440386680985
JNJ,2025-06-03 17:59:00+00:00,BUY,154.68,38.0,151.74706666667316,154.68,0.0,0.0041457560549858176
JNJ,2025-06-03 18:28:00+00:00,SELL,154.78,38.0,6033.3870666666735,154.77999999999997,1.0800249583553523e-12,0.005405405405405406
JNJ,2025-06-03 18:30:00+00:00,BUY,154.86,38.0,148.7070666666732,154.86,0.0,0.003722205896757763
JNJ,2025-06-03 18:55:00+00:00,SELL,154.9,38.0,6034.907066666673,154.9,0.0,0.005561246890092199
JNJ,2025-06-03 19:17:00+00:00,BUY,154.75,38.0,154.40706666667302,154.75,0.0,0.004175824175824176
JNJ,2025-06-03 19:23:00+00:00,SELL,154.69,38.0,6032.627066666673,154.69,0.0,0.008916001877053027
JNJ,2025-06-03 19:30:00+00:00,BUY,154.77,38.0,151.36706666667305,154.77,0.0,0.002499177902005919
JNJ,2025-06-03 19:42:00+00:00,SELL,154.6501,38.0,6028.070866666673,154.6501,0.0,0.006201044386422976
JNJ,2025-06-03 21:18:00+00:00,BUY,154.9,38.0,141.87086666667346,154.9,0.0,0.18811881188118812
JNJ,2025-06-04 13:35:00+00:00,SELL,154.05,38.0,5995.770866666674,154.05,0.0,0.0008460236886632825
JNJ,2025-06-04 13:52:00+00:00,BUY,154.01,38.0,143.3908666666748,154.01,0.0,0.0010980754782407675
JNJ,2025-06-04 13:58:00+00:00,SELL,153.79,38.0,5987.410866666674,153.79,0.0,0.0017183684543727955
JNJ,2025-06-04 14:00:00+00:00,BUY,153.86,38.0,140.73086666667405,153.86,0.0,0.0007048785012057133
JNJ,2025-06-04 14:12:00+00:00,SELL,153.625,38.0,5978.480866666674,153.625,0.0,0.002623584645125656
JNJ,2025-06-04 14:21:00+00:00,BUY,154.04,38.0,124.96086666667452,154.04,0.0,0.0015364709687853792
JNJ,2025-06-04 14:34:00+00:00,SELL,153.8284,38.0,5970.440066666674,153.8284,0.0,0.0026138395927913054
JNJ,2025-06-04 14:47:00+00:00,BUY,154.09,38.0,115.0200666666742,154.09,0.0,0.0033892258294684267
JNJ,2025-06-04 14:57:00+00:00,SELL,153.835,38.0,5960.750066666675,153.835,0.0,0.0016750418760469012
JNJ,2025-06-04 15:29:00+00:00,BUY,153.55,38.0,125.85006666667414,153.55,0.0,0.0029298380878951427
JNJ,2025-06-04 15:39:00+00:00,SELL,153.45,38.0,5956.950066666674,153.44999999999996,1.0800249583553523e-12,0.0026392554521461314
JNJ,2025-06-04 15:48:00+00:00,BUY,153.5401,38.0,122.42626666667364,153.5401,0.0,0.002035132819194516
JNJ,2025-06-04 16:03:00+00:00,SELL,153.5,38.0,5955.426266666674,153.5,0.0,0.001986616478460895
JNJ,2025-06-04 16:05:00+00:00,BUY,153.63,38.0,117.48626666667406,153.63,0.0,0.0022541226717285564
JNJ,2025-06-04 16:22:00+00:00,SELL,153.56,38.0,5952.766266666674,153.56,0.0,0.0033298282509638976
JNJ,2025-06-04 16:28:00+00:00,BUY,153.66,38.0,113.68626666667387,153.66,0.0,0.005944931163954944
JNJ,2025-06-04 16:43:00+00:00,SELL,153.67,38.0,5953.146266666673,153.67,0.0,0.006097560975609756
JNJ,2025-06-04 16:52:00+00:00,BUY,153.78,38.0,109.50626666667269,153.78,0.0,0.0033646183814414732
JNJ,2025-06-04 17:22:00+00:00,SELL,153.96,38.0,5959.986266666673,153.96,0.0,0.0024099441907661084
JNJ,2025-06-04 17:24:00+00:00,BUY,153.93,38.0,110.646266666673,153.93,0.0,0.0038728088055442317
JNJ,2025-06-04 17:25:00+00:00,SELL,153.9339,38.0,5960.134466666673,153.9339,0.0,0.003064516129032258
JNJ,2025-06-04 17:31:00+00:00,BUY,154.07,38.0,105.47446666667292,154.07,0.0,0.0056682577565632455
JNJ,2025-06-04 18:08:00+00:00,SELL,154.24,38.0,5966.594466666674,154.24,0.0,0.0014038717304566278
JNJ,2025-06-04 18:18:00+00:00,BUY,154.335,38.0,101.86446666667324,154.335,0.0,0.0018288574453749157
JNJ,2025-06-04 18:31:00+00:00,SELL,154.11,38.0,5958.0444666666735,154.11,0.0,0.0001478806369763858
JNJ,2025-06-04 18:46:00+00:00,BUY,154.18,38.0,99.2044666666734,154.18,0.0,0.0029083116485534976
JNJ,2025-06-04 18:53:00+00:00,SELL,154.035,38.0,5952.534466666673,154.035,0.0,0.002912770197761766
JNJ,2025-06-04 19:35:00+00:00,BUY,153.7129,38.0,111.44426666667368,153.7129,0.0,0.0008983876306208332
JNJ,2025-06-04 19:41:00+00:00,SELL,153.53,38.0,5945.584266666674,153.53,0.0,0.0010808350873200978
JNJ,2025-06-04 19:54:00+00:00,BUY,153.67,38.0,106.12426666667488,153.67,0.0,0.0006251028129626583
JNJ,2025-06-04 19:58:00+00:00,SELL,153.27,38.0,5930.384266666675,153.27,0.0,0.000124252035444528
JNJ,2025-06-05 13:28:00+00:00,BUY,153.78,38.0,86.74426666667478,153.78,0.0,0.17592592592592593
JNJ,2025-06-05 13:34:00+00:00,SELL,152.98,38.0,5899.984266666675,152.98,0.0,0.0047726701833710125
JNJ,2025-06-05 13:49:00+00:00,BUY,153.06,38.0,83.70426666667481,153.06,0.0,0.0033607499778898027
JNJ,2025-06-05 14:42:00+00:00,SELL,153.535,38.0,5918.034266666675,153.535,0.0,0.000986526129961837
JNJ,2025-06-05 15:01:00+00:00,BUY,153.36,38.0,90.35426666667443,153.36,0.0,0.003173012692050768
JNJ,2025-06-05 15:16:00+00:00,SELL,153.32,38.0,5916.514266666674,153.32,0.0,0.007566706491437674
JNJ,2025-06-05 15:21:00+00:00,BUY,153.63,38.0,78.5742666666747,153.63,0.0,0.0010041752550076634
JNJ,2025-06-05 15:38:00+00:00,SELL,153.46,38.0,5910.054266666675,153.46,0.0,0.00307667395352603
JNJ,2025-06-05 15:59:00+00:00,BUY,153.4,38.0,80.85426666667536,153.4,0.0,0.00892018779342723
JNJ,2025-06-05 16:29:00+00:00,SELL,153.62,38.0,5918.414266666676,153.62,0.0,0.006870367022238293
JNJ,2025-06-05 17:00:00+00:00,BUY,153.5864,38.0,82.1310666666759,153.5864,0.0,0.003857084855866829
JNJ,2025-06-05 17:07:00+00:00,SELL,153.4,38.0,5911.331066666676,153.4,0.0,0.004073756432246998
JNJ,2025-06-05 17:37:00+00:00,BUY,153.395,38.0,82.3210666666755,153.395,0.0,0.0049038585623951475
JNJ,2025-06-05 17:53:00+00:00,SELL,153.385,38.0,5910.951066666675,153.385,0.0,0.007154961400866127
JNJ,2025-06-05 18:14:00+00:00,BUY,153.33,38.0,84.41106666667383,153.33,0.0,0.008673818762839534
JNJ,2025-06-05 18:59:00+00:00,SELL,153.98,38.0,5935.651066666674,153.98,0.0,0.006604101494612443
JNJ,2025-06-05 19:08:00+00:00,BUY,154.04,38.0,82.13106666667409,154.04,0.0,0.005622133451694038
JNJ,2025-06-05 19:13:00+00:00,SELL,153.93,38.0,5931.471066666674,153.93,0.0,0.003135572241934153
JNJ,2025-06-05 19:23:00+00:00,BUY,154.06,38.0,77.19106666667449,154.06,0.0,0.003796203796203796
JNJ,2025-06-05 19:29:00+00:00,SELL,153.845,38.0,5923.301066666674,153.845,0.0,0.003329244787103557
JNJ,2025-06-05 19:43:00+00:00,BUY,153.91,38.0,74.72106666667423,153.91,0.0,0.006474697563469075
JNJ,2025-06-05 19:52:00+00:00,SELL,153.62,38.0,5912.281066666675,153.62,0.0,0.0018286814244465833
JNJ,2025-06-05 20:30:00+00:00,BUY,153.8,38.0,67.88106666667409,153.80000000000004,-1.0800249583553523e-12,0.04185022026431718
JNJ,2025-06-06 13:08:00+00:00,SELL,153.75,38.0,5910.381066666674,153.75,0.0,0.07102803738317758
JNJ,2025-06-06 13:10:00+00:00,BUY,153.9,38.0,62.18106666667427,153.9,0.0,0.030327214684756583
JNJ,2025-06-06 14:19:00+00:00,SELL,155.72,38.0,5979.541066666674,155.72,0.0,0.006158833063209076
JNJ,2025-06-06 15:05:00+00:00,BUY,154.915,38.0,92.7710666666744,154.915,0.0,0.004654011022657685
JNJ,2025-06-06 15:18:00+00:00,SELL,154.675,38.0,5970.421066666675,154.675,0.0,0.004912099276111685
JNJ,2025-06-06 15:28:00+00:00,BUY,154.88,38.0,84.98106666667536,154.88,0.0,0.0029181385347872833
JNJ,2025-06-06 15:31:00+00:00,SELL,154.8055,38.0,5967.590066666675,154.8055,0.0,0.005081572612998127
JNJ,2025-06-06 15:45:00+00:00,BUY,154.75,38.0,87.09006666667483,154.75,0.0,0.008719596145020651
JNJ,2025-06-06 15:49:00+00:00,SELL,154.81,38.0,5969.870066666675,154.81,0.0,0.005675877520537715
JNJ,2025-06-06 15:50:00+00:00,BUY,154.81,38.0,87.09006666667483,154.81,0.0,0.004732843442520862
JNJ,2025-06-06 15:58:00+00:00,SELL,154.676,38.0,5964.778066666674,154.676,0.0,0.03225806451612903
JNJ,2025-06-06 16:06:00+00:00,BUY,154.75,38.0,84.27806666667402,154.75,0.0,0.004692516670782909
JNJ,2025-06-06 16:07:00+00:00,SELL,154.79,38.0,5966.298066666674,154.79,0.0,0.00656984785615491
JNJ,2025-06-06 16:08:00+00:00,BUY,154.77,38.0,85.03806666667333,154.77,0.0,0.0051771117166212535
JNJ,2025-06-06 16:12:00+00:00,SELL,154.7183,38.0,5964.333466666673,154.7183,0.0,0.007350096711798839
JNJ,2025-06-06 16:22:00+00:00,BUY,154.8526,38.0,79.93466666667337,154.8526,0.0,0.007126781695423856
JNJ,2025-06-06 16:36:00+00:00,SELL,154.7501,38.0,5960.438466666674,154.7501,0.0,0.006540447504302926
JNJ,2025-06-06 17:14:00+00:00,BUY,154.4961,38.0,89.58666666667341,154.4961,0.0,0.01168871116579514
JNJ,2025-06-06 17:37:00+00:00,SELL,154.495,38.0,5960.396666666674,154.495,0.0,0.0039361922519163045
JNJ,2025-06-06 17:38:00+00:00,BUY,154.525,38.0,88.44666666667399,154.525,0.0,0.006699576868829337
JNJ,2025-06-06 18:26:00+00:00,SELL,154.73,38.0,5968.186666666674,154.73,0.0,0.007361487795428129
JNJ,2025-06-06 18:36:00+00:00,BUY,154.81,38.0,85.40666666667403,154.81,0.0,0.0050151775108882145
JNJ,2025-06-06 18:43:00+00:00,SELL,154.78,38.0,5967.046666666674,154.78,0.0,0.006940639269406392
JNJ,2025-06-06 18:44:00+00:00,BUY,154.77,38.0,85.78666666667414,154.77,0.0,0.003138161697910645
JNJ,2025-06-06 18:47:00+00:00,SELL,154.74,38.0,5965.906666666675,154.74,0.0,0.014626635873749037
JNJ,2025-06-06 19:05:00+00:00,BUY,154.725,38.0,86.35666666667476,154.725,0.0,0.005200492678253729
JNJ,2025-06-06 19:13:00+00:00,SELL,154.71,38.0,5965.336666666675,154.71,0.0,0.005580848876487002
JNJ,2025-06-06 19:15:00+00:00,BUY,154.74,38.0,85.21666666667443,154.74,0.0,0.012305699481865285
JNJ,2025-06-06 19:36:00+00:00,SELL,154.775,38.0,5966.666666666674,154.775,0.0,0.002864465551032715
JNJ,2025-06-06 19:37:00+00:00,BUY,154.81,38.0,83.8866666666745,154.81,0.0,0.0028009139824574335
JNJ,2025-06-09 12:36:00+00:00,SELL,155.04,38.0,5975.406666666674,155.04,0.0,0.095
JNJ,2025-06-09 13:38:00+00:00,BUY,155.5711,38.0,63.70486666667421,155.5711,0.0,0.0009962770698967018
JNJ,2025-06-09 13:44:00+00:00,SELL,154.88,38.0,5949.144866666674,154.88,0.0,0.0009854771784232365
JNJ,2025-06-09 13:59:00+00:00,BUY,154.95,38.0,61.04486666667435,154.95,0.0,0.001969320066334992
JNJ,2025-06-09 14:07:00+00:00,SELL,154.99,38.0,5950.664866666675,154.99,0.0,0.0024758926244461818
JNJ,2025-06-09 14:16:00+00:00,BUY,155.02,38.0,59.90486666667493,155.02,0.0,0.0009639287707371518
JNJ,2025-06-09 14:29:00+00:00,SELL,154.91,38.0,5946.484866666675,154.91,0.0,0.003630804509841391
JNJ,2025-06-09 14:31:00+00:00,BUY,155.145,38.0,50.97486666667464,155.145,0.0,0.0013082696412586932
JNJ,2025-06-09 14:38:00+00:00,SELL,154.86,38.0,5935.654866666675,154.86,0.0,0.003279254401104591
JNJ,2025-06-09 14:52:00+00:00,BUY,154.94,38.0,47.93486666667468,154.94,0.0,0.002211616808287743
JNJ,2025-06-09 15:05:00+00:00,SELL,154.81,38.0,5930.714866666674,154.81,0.0,0.0031441337084229686
JNJ,2025-06-09 15:18:00+00:00,BUY,155.005,38.0,40.524866666674825,155.00500000000002,-1.0800249583553523e-12,0.002579418951941352
JNJ,2025-06-09 15:57:00+00:00,SELL,155.47,38.0,5948.3848666666745,155.47,0.0,0.003896636587366694
JNJ,2025-06-09 16:13:00+00:00,BUY,155.37,38.0,44.3248666666741,155.37,0.0,0.002363772082607614
JNJ,2025-06-09 16:35:00+00:00,SELL,155.535,38.0,5954.654866666674,155.535,0.0,0.001731996353691887
JNJ,2025-06-09 16:40:00+00:00,BUY,155.63,38.0,40.714866666674425,155.63,0.0,0.002111111111111111
JNJ,2025-06-09 16:57:00+00:00,SELL,155.715,38.0,5957.8848666666745,155.715,0.0,0.00918318028032866
JNJ,2025-06-09 17:08:00+00:00,BUY,155.84,38.0,35.964866666674425,155.84,0.0,0.003064516129032258
JNJ,2025-06-09 17:24:00+00:00,SELL,155.84,38.0,5957.8848666666745,155.84,0.0,0.0018228916818574306
JNJ,2025-06-09 17:29:00+00:00,BUY,155.895,38.0,33.87486666667428,155.895,0.0,0.004600484261501211
JNJ,2025-06-09 17:36:00+00:00,SELL,155.85,38.0,5956.1748666666745,155.85,0.0,0.003544114903935833
JNJ,2025-06-09 17:51:00+00:00,BUY,155.885,38.0,32.54486666667526,155.885,0.0,0.0036107943747624477
JNJ,2025-06-09 18:00:00+00:00,SELL,155.795,38.0,5952.754866666674,155.795,0.0,0.00510204081632653
JNJ,2025-06-09 18:13:00+00:00,BUY,155.935,38.0,27.224866666674643,155.935,0.0,0.00423634336677815
JNJ,2025-06-09 18:28:00+00:00,SELL,155.825,38.0,5948.574866666674,155.825,0.0,0.004894384337970119
JNJ,2025-06-09 19:38:00+00:00,BUY,155.485,38.0,40.144866666673806,155.485,0.0,0.0012890969536603568
JNJ,2025-06-09 19:43:00+00:00,SELL,155.41,38.0,5945.724866666674,155.41,0.0,0.003687888198757764
JNJ,2025-06-09 19:49:00+00:00,BUY,155.57,38.0,34.06486666667388,155.57,0.0,0.000935085388060436
JNJ,2025-06-09 19:56:00+00:00,SELL,155.3594,38.0,5937.7220666666735,155.3594,0.0,0.0006353452599899682
JNJ,2025-06-10 10:14:00+00:00,BUY,155.34,38.0,34.802066666673454,155.34,0.0,0.11275964391691394
JNJ,2025-06-10 11:54:00+00:00,SELL,155.5,38.0,5943.802066666673,155.5,0.0,0.2714285714285714
JNJ,2025-06-10 12:04:00+00:00,BUY,155.61,38.0,30.622066666673163,155.61,0.0,0.35185185185185186
JNJ,2025-06-10 13:03:00+00:00,SELL,155.34,38.0,5933.542066666673,155.34,0.0,0.09693877551020408
JNJ,2025-06-10 13:22:00+00:00,BUY,155.63,38.0,19.60206666667364,155.63,0.0,0.3064516129032258
JNJ,2025-06-10 13:25:00+00:00,SELL,155.44,38.0,5926.322066666674,155.44,0.0,0.3486238532110092
JNJ,2025-06-10 13:33:00+00:00,BUY,156.05,37.0,152.47206666667353,156.05,0.0,0.0004150168810920552
JNJ,2025-06-10 13:42:00+00:00,SELL,155.63,37.0,5910.782066666673,155.63,0.0,0.0038405646668050655
JNJ,2025-06-10 13:57:00+00:00,BUY,155.36,38.0,7.102066666672727,155.36,0.0,0.004312301407172038
JNJ,2025-06-10 14:11:00+00:00,SELL,155.26,38.0,5906.982066666672,155.26,0.0,0.003862966351529938
JNJ,2025-06-10 14:21:00+00:00,BUY,155.555,37.0,151.44706666667207,155.555,0.0,0.0045182561973378926
JNJ,2025-06-10 15:09:00+00:00,SELL,156.0499,37.0,5925.293366666672,156.0499,0.0,0.0020879182890356073
JNJ,2025-06-10 15:25:00+00:00,BUY,156.0487,37.0,151.49146666667275,156.0487,0.0,0.0026142867236628275
JNJ,2025-06-10 15:43:00+00:00,SELL,156.245,37.0,5932.556466666673,156.245,0.0,0.004634849054240261
JNJ,2025-06-10 15:58:00+00:00,BUY,156.29,37.0,149.8264666666737,156.29,0.0,0.008224049788841965
JNJ,2025-06-10 16:23:00+00:00,SELL,156.6,37.0,5944.0264666666735,156.6,0.0,0.005202474690663667
JNJ,2025-06-10 16:30:00+00:00,BUY,156.74,37.0,144.6464666666734,156.74,0.0,0.0040879460833057124
JNJ,2025-06-10 17:29:00+00:00,SELL,157.4,37.0,5968.446466666674,157.4,0.0,0.004987195039762771
JNJ,2025-06-10 17:42:00+00:00,BUY,157.29,37.0,148.71646666667402,157.29,0.0,0.007174713980996703
JNJ,2025-06-10 17:43:00+00:00,SELL,157.31,37.0,5969.186466666674,157.31,0.0,0.004267589388696655
JNJ,2025-06-10 17:49:00+00:00,BUY,157.35,37.0,147.23646666667446,157.35,0.0,0.005879548704910218
JNJ,2025-06-10 17:55:00+00:00,SELL,157.1,37.0,5959.936466666674,157.1,0.0,0.003256182346211388
JNJ,2025-06-10 18:37:00+00:00,BUY,156.7499,38.0,3.440266666674688,156.7499,0.0,0.006667836462537287
JNJ,2025-06-10 18:51:00+00:00,SELL,156.7084,38.0,5958.359466666675,156.7084,0.0,0.0086996336996337
JNJ,2025-06-10 19:02:00+00:00,BUY,156.805,37.0,156.5744666666751,156.805,0.0,0.006914595402728462
JNJ,2025-06-10 19:13:00+00:00,SELL,156.69,37.0,5954.104466666675,156.69,0.0,0.0038046272493573265
JNJ,2025-06-10 19:20:00+00:00,BUY,156.7477,37.0,154.43956666667418,156.7477,0.0,0.005896414342629482
JNJ,2025-06-10 19:23:00+00:00,SELL,156.715,37.0,5952.894566666674,156.715,0.0,0.007682724252491694
JNJ,2025-06-10 19:47:00+00:00,BUY,156.4634,38.0,7.285366666674236,156.46339999999998,1.0800249583553523e-12,0.0025458930724909555
JNJ,2025-06-10 19:52:00+00:00,SELL,156.285,38.0,5946.115366666674,156.285,0.0,0.001626155426223896
JNJ,2025-06-10 19:56:00+00:00,BUY,156.51,37.0,155.24536666667427,156.51,0.0,0.0007970702283498492
JNJ,2025-06-11 12:00:00+00:00,SELL,156.2,37.0,5934.645366666674,156.2,0.0,0.05370101596516691
JNJ,2025-06-11 12:30:00+00:00,BUY,156.79,37.0,133.41536666667434,156.79,0.0,0.030352748154224774
JNJ,2025-06-11 13:31:00+00:00,SELL,155.81,37.0,5898.385366666675,155.81,0.0,0.0023388116308470292
JNJ,2025-06-11 13:48:00+00:00,BUY,156.18,37.0,119.72536666667474,156.18,0.0,0.009030998291432755
JNJ,2025-06-11 14:15:00+00:00,SELL,156.37,37.0,5905.415366666675,156.37,0.0,0.005606060606060606
JNJ,2025-06-11 14:16:00+00:00,BUY,156.5,37.0,114.91536666667524,156.5,0.0,0.01091123562370982
JNJ,2025-06-11 14:17:00+00:00,SELL,156.33,37.0,5899.125366666675,156.33,0.0,0.006677495036996932
JNJ,2025-06-11 14:49:00+00:00,BUY,156.25,37.0,117.87536666667528,156.25,0.0,0.010550327915597377
JNJ,2025-06-11 14:59:00+00:00,SELL,156.11,37.0,5893.945366666676,156.11,0.0,0.005078929306794783
JNJ,2025-06-11 15:22:00+00:00,BUY,155.635,37.0,135.45036666667602,155.635,0.0,0.0032982706364770905
JNJ,2025-06-11 15:46:00+00:00,SELL,155.655,37.0,5894.685366666676,155.655,0.0,0.001739212183886434
JNJ,2025-06-11 15:53:00+00:00,BUY,155.835,37.0,128.79036666667523,155.835,0.0,0.0016114982578397212
JNJ,2025-06-11 16:03:00+00:00,SELL,155.645,37.0,5887.655366666676,155.645,0.0,0.008640822045773003
JNJ,2025-06-11 16:20:00+00:00,BUY,155.7005,37.0,126.73686666667618,155.7005,0.0,0.003094680495148879
JNJ,2025-06-11 16:36:00+00:00,SELL,155.64,37.0,5885.416866666676,155.64,0.0,0.020798201236649803
JNJ,2025-06-11 16:45:00+00:00,BUY,155.7885,37.0,121.24236666667548,155.7885,0.0,0.019628647214854113
JNJ,2025-06-11 17:01:00+00:00,SELL,155.77,37.0,5884.732366666676,155.77,0.0,0.01610796691336526
JNJ,2025-06-11 17:28:00+00:00,BUY,155.82,37.0,119.39236666667604,155.82,0.0,0.0026611047180667433
JNJ,2025-06-11 17:43:00+00:00,SELL,155.625,37.0,5877.517366666676,155.625,0.0,0.003740774441411384
JNJ,2025-06-11 18:35:00+00:00,BUY,154.92,37.0,145.47736666667606,154.92,0.0,0.010338083263481419
JNJ,2025-06-11 18:59:00+00:00,SELL,154.9744,37.0,5879.530166666676,154.9744,0.0,0.006134969325153374
JNJ,2025-06-11 19:10:00+00:00,BUY,155.03,37.0,143.42016666667678,155.03,0.0,0.003507441463645843
JNJ,2025-06-11 19:23:00+00:00,SELL,154.993,37.0,5878.161166666677,154.993,0.0,0.0027688393324852203
JNJ,2025-06-11 19:39:00+00:00,BUY,155.0,37.0,143.16116666667676,155.0,0.0,0.004278445883441258
JNJ,2025-06-11 19:49:00+00:00,SELL,154.8,37.0,5870.761166666677,154.8,0.0,0.0022325469136547397
JNJ,2025-06-11 19:56:00+00:00,BUY,155.2,37.0,128.3611666666775,155.2,0.0,0.0005275389594650469
JNJ,2025-06-12 08:00:00+00:00,SELL,155.15,37.0,5868.911166666678,155.15,0.0,0.26811594202898553
JNJ,2025-06-12 10:51:00+00:00,BUY,155.45,37.0,117.26116666667804,155.45,0.0,0.09973045822102426
JNJ,2025-06-12 13:47:00+00:00,SELL,155.36,37.0,5865.581166666679,155.36,0.0,0.0022677126746751654
JNJ,2025-06-12 13:58:00+00:00,BUY,155.79,37.0,101.35116666667908,155.79,0.0,0.003656126482213439
JNJ,2025-06-12 14:35:00+00:00,SELL,156.095,37.0,5876.866166666679,156.095,0.0,0.006661865322290242
JNJ,2025-06-12 14:37:00+00:00,BUY,156.17,37.0,98.57616666667946,156.17,0.0,0.008566797869877286
JNJ,2025-06-12 14:51:00+00:00,SELL,156.005,37.0,5870.761166666679,156.005,0.0,0.0060329365726398175
JNJ,2025-06-12 15:04:00+00:00,BUY,156.15,37.0,93.21116666667876,156.15,0.0,0.004202635165833712
JNJ,2025-06-12 15:15:00+00:00,SELL,156.105,37.0,5869.096166666678,156.105,0.0,0.0016620249752942234
JNJ,2025-06-12 15:32:00+00:00,BUY,155.85,37.0,102.64616666667824,155.85,0.0,0.0033130372492836675
JNJ,2025-06-12 15:34:00+00:00,SELL,155.805,37.0,5867.431166666678,155.805,0.0,0.004239715824452848
JNJ,2025-06-12 16:12:00+00:00,BUY,155.63,37.0,109.12116666667862,155.63,0.0,0.0083710407239819
JNJ,2025-06-12 16:24:00+00:00,SELL,155.5,37.0,5862.621166666679,155.5,0.0,0.007583521213363394
JNJ,2025-06-12 16:35:00+00:00,BUY,155.66,37.0,103.20116666667856,155.66,0.0,0.01103489412466448
JNJ,2025-06-12 16:42:00+00:00,SELL,155.48,37.0,5855.961166666678,155.48,0.0,0.0073690499900418245
JNJ,2025-06-12 16:49:00+00:00,BUY,155.67,37.0,96.17116666667788,155.67,0.0,0.010013531799729363
JNJ,2025-06-12 17:28:00+00:00,SELL,155.9185,37.0,5865.1556666666775,155.9185,0.0,0.0032824698367636624
JNJ,2025-06-12 17:31:00+00:00,BUY,156.08,37.0,90.19566666667744,156.08,0.0,0.0006748007513997556
JNJ,2025-06-12 17:57:00+00:00,SELL,156.17,37.0,5868.485666666677,156.17,0.0,0.0033691495173920963
JNJ,2025-06-12 18:05:00+00:00,BUY,156.255,37.0,87.0506666666779,156.255,0.0,0.006099571381470491
JNJ,2025-06-12 19:06:00+00:00,SELL,156.37,37.0,5872.740666666678,156.37,0.0,0.0031136918286627955
JNJ,2025-06-12 19:30:00+00:00,BUY,156.32,37.0,88.90066666667826,156.32,0.0,0.002440794247641665
JNJ,2025-06-12 19:38:00+00:00,SELL,156.29,37.0,5871.630666666678,156.29,0.0,0.003857381150959133
JNJ,2025-06-12 19:49:00+00:00,BUY,156.36,37.0,86.3106666666772,156.36,0.0,0.0018879477497703847
JNJ,2025-06-12 21:56:00+00:00,SELL,156.46,37.0,5875.330666666678,156.46,0.0,0.37
JNJ,2025-06-12 22:36:00+00:00,BUY,157.0,37.0,66.33066666667764,157.0,0.0,0.10601719197707736
JNJ,2025-06-13 12:00:00+00:00,SELL,155.25,37.0,5810.580666666678,155.25,0.0,0.03882476390346275
JNJ,2025-06-13 13:33:00+00:00,BUY,157.19,36.0,151.7406666666775,157.19,0.0,0.003447615399348784
JNJ,2025-06-13 13:47:00+00:00,SELL,156.83,36.0,5797.620666666678,156.83,0.0,0.003486007553016365
JNJ,2025-06-13 14:01:00+00:00,BUY,156.835,36.0,151.5606666666772,156.835,0.0,0.000981514804514968
JNJ,2025-06-13 14:34:00+00:00,SELL,157.25,36.0,5812.560666666677,157.25,0.0,0.0017900651384814281
JNJ,2025-06-13 14:55:00+00:00,BUY,157.27,36.0,150.84066666667695,157.27,0.0,0.009022556390977444
JNJ,2025-06-13 15:11:00+00:00,SELL,157.15,36.0,5808.2406666666775,157.15000000000003,-1.0231815394945443e-12,0.002694207453973956
JNJ,2025-06-13 15:27:00+00:00,BUY,157.29,36.0,145.8006666666779,157.29,0.0,0.004025944978751957
JNJ,2025-06-13 15:59:00+00:00,SELL,157.355,36.0,5810.580666666678,157.355,0.0,0.006671608598962194
JNJ,2025-06-13 16:17:00+00:00,BUY,157.37,36.0,145.2606666666779,157.37,0.0,0.004489897730107259
JNJ,2025-06-13 16:18:00+00:00,SELL,157.31,36.0,5808.420666666678,157.31,0.0,0.005784991161819059
JNJ,2025-06-13 16:34:00+00:00,BUY,157.34,36.0,144.180666666678,157.34,0.0,0.008508626802174428
JNJ,2025-06-13 16:48:00+00:00,SELL,157.3,36.0,5806.980666666678,157.3,0.0,0.004212004212004212
JNJ,2025-06-13 16:52:00+00:00,BUY,157.555,36.0,135.00066666667772,157.555,0.0,0.00044124676725458713
JNJ,2025-06-13 17:02:00+00:00,SELL,157.41,36.0,5801.760666666678,157.41,0.0,0.00903387703889586
JNJ,2025-06-13 17:21:00+00:00,BUY,157.355,36.0,136.9806666666782,157.355,0.0,0.0006030251763011105
JNJ,2025-06-13 17:31:00+00:00,SELL,157.45,36.0,5805.180666666678,157.45,0.0,0.013034033309196235
JNJ,2025-06-13 17:32:00+00:00,BUY,157.425,36.0,137.88066666667785,157.425,0.0,0.007992895204262877
JNJ,2025-06-13 17:39:00+00:00,SELL,157.3299,36.0,5801.757066666678,157.3299,0.0,0.0071273015244506036
JNJ,2025-06-13 17:53:00+00:00,BUY,157.35,36.0,137.15706666667847,157.35,0.0,0.0009035010666332036
JNJ,2025-06-13 18:06:00+00:00,SELL,157.225,36.0,5797.257066666678,157.225,0.0,0.003930560104814936
JNJ,2025-06-13 18:13:00+00:00,BUY,157.33,36.0,133.37706666667782,157.33,0.0,0.002864417568427753
JNJ,2025-06-13 18:15:00+00:00,SELL,157.23,36.0,5793.657066666678,157.23,0.0,0.0027124773960217
JNJ,2025-06-13 19:07:00+00:00,BUY,156.85,36.0,147.0570666666781,156.85,0.0,0.00320541358739204
JNJ,2025-06-13 19:19:00+00:00,SELL,156.82,36.0,5792.577066666678,156.82,0.0,0.00495458298926507
JNJ,2025-06-13 19:32:00+00:00,BUY,156.9,36.0,144.1770666666771,156.9,0.0,0.004259346900141978
JNJ,2025-06-13 19:54:00+00:00,SELL,156.835,36.0,5790.2370666666775,156.835,0.0,0.0013900687311761526
JNJ,2025-06-13 20:00:00+00:00,BUY,157.1,36.0,134.63706666667804,157.1,0.0,3.077343910278329e-05
JNJ,2025-06-16 13:28:00+00:00,SELL,156.49,36.0,5768.277066666678,156.49,0.0,0.04699738903394256
JNJ,2025-06-16 13:50:00+00:00,BUY,155.915,36.0,155.33706666667877,155.915,0.0,0.0016513761467889909
JNJ,2025-06-16 14:06:00+00:00,SELL,155.75,36.0,5762.337066666679,155.75,0.0,0.0015712976299594081
JNJ,2025-06-16 14:22:00+00:00,BUY,155.9,36.0,149.93706666667822,155.9,0.0,0.004421518054532056
JNJ,2025-06-16 14:31:00+00:00,SELL,155.795,36.0,5758.557066666678,155.795,0.0,0.002955422379115015
JNJ,2025-06-16 14:43:00+00:00,BUY,155.96,36.0,143.9970666666777,155.96,0.0,0.0004130808950086059
JNJ,2025-06-16 14:51:00+00:00,SELL,155.72,36.0,5749.917066666678,155.72,0.0,0.0028758587633807317
JNJ,2025-06-16 15:20:00+00:00,BUY,155.2926,37.0,4.0908666666782665,155.2926,0.0,0.0011618778458156696
JNJ,2025-06-16 15:29:00+00:00,SELL,155.115,37.0,5743.345866666678,155.115,0.0,0.0033429707264185037
JNJ,2025-06-16 15:44:00+00:00,BUY,154.992,37.0,8.641866666678652,154.992,0.0,0.004851186574013374
JNJ,2025-06-16 15:50:00+00:00,SELL,154.9176,37.0,5740.593066666678,154.9176,0.0,0.006641536528450906
JNJ,2025-06-16 16:02:00+00:00,BUY,155.03,37.0,4.483066666678496,155.03,0.0,0.005279680365296803
JNJ,2025-06-16 16:12:00+00:00,SELL,154.8701,37.0,5734.676766666679,154.8701,0.0,0.005979314802844214
JNJ,2025-06-16 16:20:00+00:00,BUY,155.01,36.0,154.31676666667954,155.01,0.0,0.0008882528559796688
JNJ,2025-06-16 16:47:00+00:00,SELL,155.04,36.0,5735.756766666679,155.04,0.0,0.005996002664890073
JNJ,2025-06-16 17:21:00+00:00,BUY,154.745,37.0,10.191766666678632,154.745,0.0,0.006498068141903758
JNJ,2025-06-16 17:42:00+00:00,SELL,154.92,37.0,5742.231766666679,154.92,0.0,0.011764705882352941
JNJ,2025-06-16 18:27:00+00:00,BUY,154.765,37.0,15.926766666679214,154.765,0.0,0.0036385091946110728
JNJ,2025-06-16 18:38:00+00:00,SELL,154.655,37.0,5738.161766666679,154.655,0.0,0.0075695581014729955
JNJ,2025-06-16 18:41:00+00:00,BUY,154.73,37.0,13.151766666679578,154.73,0.0,0.011311525527361662
JNJ,2025-06-16 19:03:00+00:00,SELL,154.74,37.0,5738.53176666668,154.74,0.0,0.005956213779781069
JNJ,2025-06-16 19:24:00+00:00,BUY,154.59,37.0,18.70176666667976,154.59,0.0,0.002421782955884278
JNJ,2025-06-16 20:10:00+00:00,SELL,155.0,37.0,5753.70176666668,155.0,0.0,0.01229235880398671
JNJ,2025-06-16 21:51:00+00:00,BUY,155.0,37.0,18.70176666667976,155.0,0.0,0.2803030303030303
JNJ,2025-06-17 09:12:00+00:00,SELL,154.93,37.0,5751.11176666668,154.93,0.0,0.16818181818181818
JNJ,2025-06-17 13:32:00+00:00,BUY,155.24,37.0,7.231766666679505,155.24,0.0,0.000539696894554896
JNJ,2025-06-17 13:35:00+00:00,SELL,154.05,37.0,5707.08176666668,154.05,0.0,0.002186761229314421
JNJ,2025-06-17 13:51:00+00:00,BUY,154.51,36.0,144.7217666666802,154.51,0.0,0.002856916117768431
JNJ,2025-06-17 13:54:00+00:00,SELL,153.92,36.0,5685.84176666668,153.92,0.0,0.0020740911447830845
JNJ,2025-06-17 14:13:00+00:00,BUY,154.23,36.0,133.56176666668034,154.23,0.0,0.006008010680907877
JNJ,2025-06-17 14:17:00+00:00,SELL,154.05,36.0,5679.3617666666805,154.05,0.0,0.003789473684210526
JNJ,2025-06-17 14:23:00+00:00,BUY,154.06,36.0,133.20176666668067,154.06,0.0,0.006829823562891292
JNJ,2025-06-17 14:30:00+00:00,SELL,154.01,36.0,5677.56176666668,154.01,0.0,0.0054438227733252685
JNJ,2025-06-17 14:43:00+00:00,BUY,154.065,36.0,131.2217666666802,154.065,0.0,0.01348314606741573
JNJ,2025-06-17 14:47:00+00:00,SELL,153.934,36.0,5672.84576666668,153.934,0.0,0.00774526678141136
JNJ,2025-06-17 15:08:00+00:00,BUY,153.95,36.0,130.64576666668015,153.95,0.0,0.00569620253164557
JNJ,2025-06-17 15:23:00+00:00,SELL,153.9459,36.0,5672.69816666668,153.9459,0.0,0.007807417046193884
JNJ,2025-06-17 15:42:00+00:00,BUY,153.87,36.0,133.37816666668004,153.87,0.0,0.003199146894161557
JNJ,2025-06-17 15:44:00+00:00,SELL,153.765,36.0,5668.918166666679,153.765,0.0,0.004346776141028737
JNJ,2025-06-17 15:58:00+00:00,BUY,153.75,36.0,133.9181666666791,153.75,0.0,0.003981860413671054
JNJ,2025-06-17 16:22:00+00:00,SELL,153.71,36.0,5667.47816666668,153.71,0.0,0.007623888182973317
JNJ,2025-06-17 17:07:00+00:00,BUY,153.535,36.0,140.21816666667928,153.535,0.0,0.01180327868852459
JNJ,2025-06-17 17:11:00+00:00,SELL,153.4603,36.0,5664.788966666679,153.4603,0.0,0.005686305480966672
JNJ,2025-06-17 17:35:00+00:00,BUY,153.33,36.0,144.90896666667868,153.33,0.0,0.006723944714232349
JNJ,2025-06-17 17:42:00+00:00,SELL,153.21,36.0,5660.468966666679,153.21,0.0,0.014906832298136646
JNJ,2025-06-17 17:57:00+00:00,BUY,153.15,36.0,147.0689666666785,153.15,0.0,0.012299282541851725
JNJ,2025-06-17 18:02:00+00:00,SELL,152.98,36.0,5654.348966666678,152.98,0.0,0.008023178069979943
JNJ,2025-06-17 18:47:00+00:00,BUY,152.69,37.0,4.818966666678534,152.69,0.0,0.0036572106355639024
JNJ,2025-06-17 18:50:00+00:00,SELL,152.635,37.0,5652.313966666678,152.635,0.0,0.006683526011560694
JNJ,2025-06-17 19:14:00+00:00,BUY,152.62,37.0,5.373966666677916,152.62,0.0,0.003311554640651571
JNJ,2025-06-17 19:30:00+00:00,SELL,152.51,37.0,5648.243966666678,152.51,0.0,0.003434512206442031
JNJ,2025-06-17 19:52:00+00:00,BUY,152.37,37.0,10.553966666677296,152.37,0.0,0.0009285051067780873
JNJ,2025-06-17 19:54:00+00:00,SELL,152.1981,37.0,5641.8836666666775,152.1981,0.0,0.0009575569358178053
JNJ,2025-06-17 19:59:00+00:00,BUY,152.34,37.0,5.3036666666776,152.34,0.0,0.0001754577312841135
JNJ,2025-06-18 13:30:00+00:00,SELL,151.625,37.0,5615.428666666678,151.625,0.0,0.00026635376098709267
JNJ,2025-06-18 14:12:00+00:00,BUY,151.1,37.0,24.728666666677785,151.1,0.0,0.0028996865203761756
JNJ,2025-06-18 14:31:00+00:00,SELL,150.98,37.0,5610.988666666677,150.98,0.0,0.002982908739116414
JNJ,2025-06-18 14:48:00+00:00,BUY,151.1038,37.0,20.14806666667664,151.1038,0.0,0.002862226347953895
JNJ,2025-06-18 15:20:00+00:00,SELL,151.28,37.0,5617.508066666676,151.28,0.0,0.0016632203542209835
JNJ,2025-06-18 15:25:00+00:00,BUY,151.61,37.0,7.938066666675695,151.61,0.0,0.0025
JNJ,2025-06-18 15:33:00+00:00,SELL,151.33,37.0,5607.148066666676,151.33,0.0,0.0048754776650415076
JNJ,2025-06-18 16:11:00+00:00,BUY,151.21,37.0,12.378066666675297,151.21,0.0,0.006730944151355285
JNJ,2025-06-18 16:17:00+00:00,SELL,151.08,37.0,5602.338066666675,151.08,0.0,0.008329581269698334
JNJ,2025-06-18 16:33:00+00:00,BUY,151.05,37.0,13.488066666674968,151.05,0.0,0.008182220256523662
JNJ,2025-06-18 16:41:00+00:00,SELL,151.01,37.0,5600.858066666675,151.01,0.0,0.00788912579957356
JNJ,2025-06-18 16:48:00+00:00,BUY,151.0201,37.0,13.11436666667396,151.0201,0.0,0.00784729586426299
JNJ,2025-06-18 16:56:00+00:00,SELL,151.0201,37.0,5600.858066666675,151.0201,0.0,0.005785770132916341
JNJ,2025-06-18 17:06:00+00:00,BUY,151.12,37.0,9.418066666674347,151.12,0.0,0.00325646893152614
JNJ,2025-06-18 17:32:00+00:00,SELL,151.3,37.0,5607.518066666675,151.3,0.0,0.008268156424581006
JNJ,2025-06-18 17:40:00+00:00,BUY,151.48,37.0,2.758066666675404,151.48,0.0,0.0045028599245466715
JNJ,2025-06-18 18:03:00+00:00,SELL,151.595,37.0,5611.773066666676,151.595,0.0,0.008376726284808693
JNJ,2025-06-18 18:42:00+00:00,BUY,151.415,37.0,9.418066666676168,151.415,0.0,0.004024801479386489
JNJ,2025-06-18 18:48:00+00:00,SELL,151.3,37.0,5607.5180666666765,151.3,0.0,0.00728633320204805
JNJ,2025-06-18 19:04:00+00:00,BUY,151.2508,37.0,11.238466666676686,151.2508,0.0,0.005616272009714633
JNJ,2025-06-18 19:05:00+00:00,SELL,151.155,37.0,5603.973466666676,151.155,0.0,0.006941838649155723
JNJ,2025-06-18 19:22:00+00:00,BUY,151.13,37.0,12.163466666676868,151.13,0.0,0.004148912312177618
JNJ,2025-06-18 19:52:00+00:00,SELL,151.04,37.0,5600.643466666676,151.04,0.0,0.0014880353911120047
JNJ,2025-06-20 08:37:00+00:00,BUY,151.36,37.0,0.323466666675813,151.36,0.0,0.10422535211267606
JNJ,2025-06-20 13:31:00+00:00,SELL,150.9,37.0,5583.623466666676,150.9,0.0,0.0018126592200666276
JNJ,2025-06-20 13:37:00+00:00,BUY,151.25,36.0,138.623466666676,151.25,0.0,0.0025227750525578137
JNJ,2025-06-20 13:42:00+00:00,SELL,150.555,36.0,5558.6034666666765,150.555,0.0,0.0015414918215295025
JNJ,2025-06-20 14:05:00+00:00,BUY,149.88,37.0,13.043466666676975,149.88,0.0,0.0029654564398493228
JNJ,2025-06-20 14:06:00+00:00,SELL,149.97,37.0,5561.933466666677,149.97,0.0,0.003435468895078923
JNJ,2025-06-20 14:07:00+00:00,BUY,149.98,37.0,12.673466666677996,149.98,0.0,0.0022428320300660726
JNJ,2025-06-20 14:17:00+00:00,SELL,149.86,37.0,5557.493466666679,149.86,0.0,0.0010452272663069577
JNJ,2025-06-20 14:21:00+00:00,BUY,150.1301,37.0,2.6797666666789155,150.1301,0.0,0.0017650145494442588
JNJ,2025-06-20 14:28:00+00:00,SELL,149.96,37.0,5551.199766666679,149.96,0.0,0.003085390260173449
JNJ,2025-06-20 14:46:00+00:00,BUY,149.89,37.0,5.2697666666799705,149.89,0.0,0.005059483112265828
JNJ,2025-06-20 14:56:00+00:00,SELL,149.62,37.0,5541.2097666666805,149.62,0.0,0.0009834932617421121
JNJ,2025-06-20 15:04:00+00:00,BUY,149.73,37.0,1.199766666681171,149.73,0.0,0.005172654830141199
JNJ,2025-06-20 15:16:00+00:00,SELL,149.61,37.0,5536.769766666682,149.61,0.0,0.0031529612270984235
JNJ,2025-06-20 15:20:00+00:00,BUY,149.75,36.0,145.7697666666818,149.75,0.0,0.005179110919292188
JNJ,2025-06-20 15:25:00+00:00,SELL,149.68,36.0,5534.249766666682,149.68,0.0,0.0019458407653640344
JNJ,2025-06-20 15:26:00+00:00,BUY,149.64,36.0,147.2097666666832,149.64,0.0,0.004931506849315068
JNJ,2025-06-20 15:27:00+00:00,SELL,149.62,36.0,5533.529766666683,149.62,0.0,0.005425772418990203
JNJ,2025-06-20 16:26:00+00:00,BUY,149.24,37.0,11.649766666682808,149.24,0.0,0.004100177304964539
JNJ,2025-06-20 16:50:00+00:00,SELL,149.44,37.0,5540.929766666683,149.44,0.0,0.008057491289198606
JNJ,2025-06-20 16:54:00+00:00,BUY,149.515,37.0,8.874766666683172,149.515,0.0,0.012139107611548556
JNJ,2025-06-20 17:20:00+00:00,SELL,149.72,37.0,5548.514766666684,149.72,0.0,0.004090657822001105
JNJ,2025-06-20 17:21:00+00:00,BUY,149.74,37.0,8.13476666668339,149.74,0.0,0.00699697428139183
JNJ,2025-06-20 17:41:00+00:00,SELL,149.68,37.0,5546.294766666683,149.68,0.0,0.0053475935828877
JNJ,2025-06-20 18:00:00+00:00,BUY,149.56,37.0,12.57476666668299,149.56,0.0,0.005104152296868534
JNJ,2025-06-20 18:31:00+00:00,SELL,149.78,37.0,5554.434766666683,149.78,0.0,0.007253479709860812
JNJ,2025-06-20 19:24:00+00:00,BUY,149.21,37.0,33.664766666682226,149.21,0.0,0.0019466512337559846
JNJ,2025-06-20 19:44:00+00:00,SELL,149.2,37.0,5554.064766666682,149.2,0.0,0.0007113195939710858
JNJ,2025-06-20 19:45:00+00:00,BUY,149.24,37.0,32.18476666668175,149.24000000000004,-1.0516032489249483e-12,0.000617974713142819
JNJ,2025-06-23 11:45:00+00:00,SELL,149.51,37.0,5564.054766666682,149.51,0.0,0.13357400722021662
JNJ,2025-06-23 13:23:00+00:00,BUY,149.7,37.0,25.154766666682008,149.7,0.0,0.37
JNJ,2025-06-23 13:46:00+00:00,SELL,150.465,37.0,5592.359766666682,150.465,0.0,0.004848643690210982
JNJ,2025-06-23 14:00:00+00:00,BUY,150.46,37.0,25.3397666666815,150.46,0.0,0.0034511705997574854
JNJ,2025-06-23 14:23:00+00:00,SELL,150.42,37.0,5590.8797666666815,150.42,0.0,0.0037422878527359157
JNJ,2025-06-23 14:51:00+00:00,BUY,150.38,37.0,26.81976666668197,150.38,0.0,0.004296330701346958
JNJ,2025-06-23 15:27:00+00:00,SELL,150.3967,37.0,5591.497666666683,150.3967,0.0,0.005753382055667859
JNJ,2025-06-23 15:38:00+00:00,BUY,150.61,37.0,18.927666666681944,150.61,0.0,0.002091695403923342
JNJ,2025-06-23 15:43:00+00:00,SELL,150.405,37.0,5583.912666666682,150.405,0.0,0.003426560474161882
JNJ,2025-06-23 15:58:00+00:00,BUY,150.4538,37.0,17.12206666668135,150.4538,0.0,0.008112256084192063
JNJ,2025-06-23 16:13:00+00:00,SELL,150.425,37.0,5582.847066666682,150.425,0.0,0.009575569358178054
JNJ,2025-06-23 16:18:00+00:00,BUY,150.545,37.0,12.682066666681749,150.545,0.0,0.0018891044623710815
JNJ,2025-06-23 16:42:00+00:00,SELL,150.52,37.0,5581.922066666682,150.52,0.0,0.00652327221438646
JNJ,2025-06-23 16:47:00+00:00,BUY,150.62,37.0,8.98206666668193,150.62,0.0,0.009698558322411533
JNJ,2025-06-23 16:53:00+00:00,SELL,150.61,37.0,5581.552066666683,150.61,0.0,0.0015126119128408488
JNJ,2025-06-23 17:13:00+00:00,BUY,150.53,37.0,11.942066666682877,150.53,0.0,0.004589431902753659
JNJ,2025-06-23 17:50:00+00:00,SELL,150.815,37.0,5592.097066666683,150.815,0.0,0.009729161188535366
JNJ,2025-06-23 18:21:00+00:00,BUY,150.81,37.0,12.127066666682367,150.81,0.0,0.006118736563585249
JNJ,2025-06-23 18:29:00+00:00,SELL,150.675,37.0,5587.102066666683,150.67500000000004,-1.0516032489249483e-12,0.010550327915597377
JNJ,2025-06-23 19:00:00+00:00,BUY,150.48,37.0,19.342066666683422,150.48,0.0,0.00169444953288148
JNJ,2025-06-23 19:41:00+00:00,SELL,150.83,37.0,5600.052066666684,150.83,0.0,0.003943722020891068
JNJ,2025-06-23 19:48:00+00:00,BUY,150.8804,37.0,17.477266666683136,150.8804,0.0,0.0032300305543430815
JNJ,2025-06-24 13:31:00+00:00,SELL,151.02,37.0,5605.217266666684,151.02,0.0,0.0019192862330117233
JNJ,2025-06-24 13:35:00+00:00,BUY,151.6,36.0,147.61726666668437,151.6,0.0,0.001709564061164403
JNJ,2025-06-24 13:43:00+00:00,SELL,151.22,36.0,5591.537266666684,151.22,0.0,0.0015372790161414297
JNJ,2025-06-24 13:53:00+00:00,BUY,151.715,36.0,129.79726666668466,151.715,0.0,0.0022576194656967266
JNJ,2025-06-24 14:24:00+00:00,SELL,151.83,36.0,5595.677266666685,151.83,0.0,0.001386748844375963
JNJ,2025-06-24 14:30:00+00:00,BUY,151.89,36.0,127.63726666668572,151.89,0.0,0.0034809514600657515
JNJ,2025-06-24 14:48:00+00:00,SELL,151.97,36.0,5598.557266666686,151.97,0.0,0.0014017599875399112
JNJ,2025-06-24 15:06:00+00:00,BUY,151.9397,36.0,128.72806666668657,151.9397,0.0,0.0033432392273402673
JNJ,2025-06-24 15:07:00+00:00,SELL,151.89,36.0,5596.768066666686,151.89,0.0,0.0014879722245184756
JNJ,2025-06-24 15:26:00+00:00,BUY,151.49,36.0,143.1280666666853,151.49,0.0,0.003038487508440243
JNJ,2025-06-24 15:46:00+00:00,SELL,151.57,36.0,5599.648066666685,151.57,0.0,0.004296968250179041
JNJ,2025-06-24 15:56:00+00:00,BUY,151.61,36.0,141.68806666668388,151.61,0.0,0.002104770813844715
JNJ,2025-06-24 16:24:00+00:00,SELL,151.925,36.0,5610.988066666684,151.925,0.0,0.001452081316553727
JNJ,2025-06-24 16:31:00+00:00,BUY,152.13,36.0,134.30806666668377,152.13,0.0,0.0005219358018963668
JNJ,2025-06-24 16:55:00+00:00,SELL,152.11,36.0,5610.268066666685,152.11,0.0,0.0017645328889324577
JNJ,2025-06-24 17:00:00+00:00,BUY,152.14,36.0,133.22806666668566,152.14,0.0,0.005528255528255528
JNJ,2025-06-24 17:17:00+00:00,SELL,152.105,36.0,5609.008066666685,152.105,0.0,0.0029004189494038026
JNJ,2025-06-24 17:40:00+00:00,BUY,152.1,36.0,133.40806666668595,152.1,0.0,0.0019350677273704579
JNJ,2025-06-24 18:20:00+00:00,SELL,152.34,36.0,5617.648066666686,152.34,0.0,0.0037251655629139072
JNJ,2025-06-24 18:31:00+00:00,BUY,152.35,36.0,133.04806666668628,152.35,0.0,0.0018025235329461246
JNJ,2025-06-24 18:50:00+00:00,SELL,152.33,36.0,5616.928066666686,152.33,0.0,0.0025575447570332483
JNJ,2025-06-24 19:02:00+00:00,BUY,152.5,36.0,126.9280666666864,152.5,0.0,0.0029865604778496766
JNJ,2025-06-24 19:11:00+00:00,SELL,152.4,36.0,5613.328066666687,152.4,0.0,0.0029920212765957447
JNJ,2025-06-24 19:15:00+00:00,BUY,152.485,36.0,123.868066666686,152.485,0.0,0.0016008537886872999
JNJ,2025-06-24 19:41:00+00:00,SELL,152.71,36.0,5621.428066666686,152.71,0.0,0.0003320788133717069
JNJ,2025-06-24 19:42:00+00:00,BUY,152.655,36.0,125.84806666668646,152.655,0.0,0.000841947705692502
JNJ,2025-06-24 19:46:00+00:00,SELL,152.62,36.0,5620.168066666686,152.61999999999998,1.0231815394945443e-12,0.0006316454363617223
JNJ,2025-06-25 13:39:00+00:00,BUY,151.7537,37.0,5.281166666685749,151.7537,0.0,0.003109505000420203
JNJ,2025-06-25 14:18:00+00:00,SELL,151.94,37.0,5627.0611666666855,151.94,0.0,0.002742365846427513
JNJ,2025-06-25 14:46:00+00:00,BUY,152.0012,37.0,3.0167666666848163,152.0012,0.0,0.0051980893509412755
JNJ,2025-06-25 15:28:00+00:00,SELL,152.46,37.0,5644.036766666685,152.46,0.0,0.0027888746513906686
JNJ,2025-06-25 15:39:00+00:00,BUY,152.545,36.0,152.41676666668536,152.545,0.0,0.008048289738430584
JNJ,2025-06-25 15:57:00+00:00,SELL,152.54,36.0,5643.856766666685,152.54,0.0,0.007415036045314109
JNJ,2025-06-25 16:00:00+00:00,BUY,152.625,36.0,149.35676666668496,152.625,0.0,0.0078397212543554
JNJ,2025-06-25 16:29:00+00:00,SELL,152.702,36.0,5646.628766666685,152.702,0.0,0.006990291262135922
JNJ,2025-06-25 16:38:00+00:00,BUY,152.875,36.0,143.1287666666849,152.875,0.0,0.011135168574079802
JNJ,2025-06-25 16:44:00+00:00,SELL,152.72,36.0,5641.048766666685,152.72,0.0,0.0065040650406504065
JNJ,2025-06-25 17:20:00+00:00,BUY,152.645,36.0,145.82876666668471,152.645,0.0,0.005503745604647607
JNJ,2025-06-25 17:35:00+00:00,SELL,152.54,36.0,5637.268766666684,152.54,0.0,0.005309734513274336
JNJ,2025-06-25 17:49:00+00:00,BUY,152.54,36.0,145.82876666668471,152.54,0.0,0.0053843852826802275
JNJ,2025-06-25 18:14:00+00:00,SELL,152.5802,36.0,5638.715966666684,152.5802,0.0,0.00946621088614252
JNJ,2025-06-25 18:35:00+00:00,BUY,152.59,36.0,145.47596666668414,152.59,0.0,0.0053278081989048395
JNJ,2025-06-25 19:00:00+00:00,SELL,152.63,36.0,5640.155966666684,152.63,0.0,0.002049530315969257
JNJ,2025-06-25 19:10:00+00:00,BUY,152.685,36.0,143.49596666668458,152.685,0.0,0.007396753647010479
JNJ,2025-06-25 19:36:00+00:00,SELL,152.8,36.0,5644.295966666685,152.8,0.0,0.0029046312731967083
JNJ,2025-06-26 11:41:00+00:00,BUY,152.52,37.0,1.0559666666840712,152.52,0.0,0.12758620689655173
JNJ,2025-06-26 13:48:00+00:00,SELL,152.945,37.0,5660.020966666684,152.945,0.0,0.006165639060156641
JNJ,2025-06-26 14:30:00+00:00,BUY,152.5,37.0,17.520966666684217,152.5,0.0,0.0012712155569298425
JNJ,2025-06-26 14:51:00+00:00,SELL,152.72,37.0,5668.1609666666845,152.72,0.0,0.004983836206896552
JNJ,2025-06-26 14:59:00+00:00,BUY,152.825,37.0,13.635966666684908,152.825,0.0,0.003196820459650942
JNJ,2025-06-26 15:13:00+00:00,SELL,152.76,37.0,5665.755966666685,152.76,0.0,0.004073543983265441
JNJ,2025-06-26 15:43:00+00:00,BUY,152.58,37.0,20.29596666668476,152.58,0.0,0.0019877511550445903
JNJ,2025-06-26 15:49:00+00:00,SELL,152.37,37.0,5657.985966666685,152.37,0.0,0.006174899866488652
JNJ,2025-06-26 16:02:00+00:00,BUY,152.47,37.0,16.595966666684944,152.47,0.0,0.003561459235730099
JNJ,2025-06-26 16:06:00+00:00,SELL,152.37,37.0,5654.285966666685,152.37,0.0,0.006870937790157846
JNJ,2025-06-26 16:14:00+00:00,BUY,152.4601,37.0,13.262266666684807,152.4601,0.0,0.00592568866111467
JNJ,2025-06-26 16:45:00+00:00,SELL,152.575,37.0,5658.537266666684,152.575,0.0,0.002460269964758295
JNJ,2025-06-26 17:03:00+00:00,BUY,152.525,37.0,15.112266666684263,152.525,0.0,0.005159670896667132
JNJ,2025-06-26 17:10:00+00:00,SELL,152.43,37.0,5655.022266666684,152.43,0.0,0.004943219772879092
JNJ,2025-06-26 17:14:00+00:00,BUY,152.54,37.0,11.042266666684554,152.54,0.0,0.0066106842951581205
JNJ,2025-06-26 17:43:00+00:00,SELL,152.65,37.0,5659.092266666685,152.65,0.0,0.006970610399397136
JNJ,2025-06-26 18:07:00+00:00,BUY,152.53,37.0,15.482266666685064,152.52999999999997,1.0516032489249483e-12,0.005352234919716477
JNJ,2025-06-26 18:11:00+00:00,SELL,152.4,37.0,5654.282266666685,152.4,0.0,0.005392799883398921
JNJ,2025-06-26 18:17:00+00:00,BUY,152.525,37.0,10.857266666685064,152.525,0.0,0.002321350147437104
JNJ,2025-06-26 18:24:00+00:00,SELL,152.425,37.0,5650.582266666685,152.425,0.0,0.0033688427569880724
JNJ,2025-06-26 18:46:00+00:00,BUY,152.1,37.0,22.88226666668561,152.1,0.0,0.00569932224276032
JNJ,2025-06-26 18:48:00+00:00,SELL,151.87,37.0,5642.072266666686,151.87,0.0,0.004350893697083726
JNJ,2025-06-26 19:15:00+00:00,BUY,151.864,37.0,23.10426666668627,151.864,0.0,0.0019430732065959459
JNJ,2025-06-26 19:33:00+00:00,SELL,151.91,37.0,5643.774266666686,151.91,0.0,0.0033892094897865713
JNJ,2025-06-26 19:53:00+00:00,BUY,151.97,37.0,20.884266666686017,151.96999999999997,1.0516032489249483e-12,0.001251733820494604
JNJ,2025-06-27 13:31:00+00:00,SELL,151.46,37.0,5624.904266666686,151.46,0.0,0.0014721094931168935
JNJ,2025-06-27 13:45:00+00:00,BUY,152.0617,36.0,150.6830666666865,152.0617,0.0,0.003800675675675676
JNJ,2025-06-27 14:16:00+00:00,SELL,152.24,36.0,5631.323066666687,152.24,0.0,0.0031748831466619633
JNJ,2025-06-27 14:30:00+00:00,BUY,152.3801,36.0,145.63946666668653,152.3801,0.0,0.0030785017957927143
JNJ,2025-06-27 15:00:00+00:00,SELL,152.65,36.0,5641.039466666687,152.65,0.0,0.00591910555738244
JNJ,2025-06-27 15:02:00+00:00,BUY,152.665,36.0,145.09946666668748,152.665,0.0,0.008387698042870456
JNJ,2025-06-27 15:13:00+00:00,SELL,152.57,36.0,5637.619466666687,152.57,0.0,0.006844106463878327
JNJ,2025-06-27 15:29:00+00:00,BUY,152.54,36.0,146.1794666666874,152.54,0.0,0.002888318356867779
JNJ,2025-06-27 15:53:00+00:00,SELL,152.65,36.0,5641.579466666688,152.65,0.0,0.0021400546902865295
JNJ,2025-06-27 15:59:00+00:00,BUY,152.82,36.0,140.05946666668842,152.82,0.0,0.00408997955010225
JNJ,2025-06-27 16:45:00+00:00,SELL,153.26,36.0,5657.419466666688,153.26,0.0,0.004696673189823875
JNJ,2025-06-27 16:49:00+00:00,BUY,153.29,36.0,138.9794666666885,153.29,0.0,0.002061737586621614
JNJ,2025-06-27 16:54:00+00:00,SELL,153.1701,36.0,5653.103066666688,153.1701,0.0,0.009295120061967466
JNJ,2025-06-27 17:28:00+00:00,BUY,152.99,36.0,145.46306666668806,152.99,0.0,0.0005746759466189899
JNJ,2025-06-27 17:29:00+00:00,SELL,152.985,36.0,5652.923066666689,152.985,0.0,0.00251414204902577
JNJ,2025-06-27 18:32:00+00:00,BUY,152.3962,37.0,14.26366666668946,152.3962,0.0,0.00658011737506669
JNJ,2025-06-27 18:36:00+00:00,SELL,152.215,37.0,5646.218666666689,152.215,0.0,0.007289204097714736
JNJ,2025-06-27 18:45:00+00:00,BUY,152.49,37.0,4.088666666689278,152.49,0.0,0.001521319024711155
JNJ,2025-06-27 19:05:00+00:00,SELL,152.365,37.0,5641.593666666689,152.365,0.0,0.0018537074148296593
JNJ,2025-06-27 19:44:00+00:00,BUY,152.18,37.0,10.933666666689533,152.18,0.0,0.0028339460784313725
JNJ,2025-06-30 12:17:00+00:00,SELL,152.11,37.0,5639.00366666669,152.11,0.0,0.10054347826086957
JNJ,2025-06-30 13:32:00+00:00,BUY,152.48,36.0,149.7236666666904,152.48,0.0,0.0009567343467630488
JNJ,2025-06-30 13:45:00+00:00,SELL,152.305,36.0,5632.703666666691,152.305,0.0,0.0023874262218980037
JNJ,2025-06-30 14:09:00+00:00,BUY,152.12,37.0,4.263666666690369,152.12,0.0,0.005759651307596513
JNJ,2025-06-30 14:35:00+00:00,SELL,152.2209,37.0,5636.436966666691,152.22090000000003,-1.0516032489249483e-12,0.00514675198219502
JNJ,2025-06-30 15:07:00+00:00,BUY,152.12,37.0,7.996966666690241,152.12,0.0,0.002491918103448276
JNJ,2025-06-30 15:12:00+00:00,SELL,151.825,37.0,5625.52196666669,151.825,0.0,0.003880847493182295
JNJ,2025-06-30 15:28:00+00:00,BUY,151.925,37.0,4.296966666689514,151.925,0.0,0.002494606256742179
JNJ,2025-06-30 15:40:00+00:00,SELL,151.83,37.0,5622.00696666669,151.83,0.0,0.0038771874672534844
JNJ,2025-06-30 15:56:00+00:00,BUY,151.795,37.0,5.591966666689586,151.795,0.0,0.007302151174264851
JNJ,2025-06-30 16:14:00+00:00,SELL,151.85,37.0,5624.041966666689,151.85,0.0,0.008401453224341507
JNJ,2025-06-30 16:28:00+00:00,BUY,151.915,37.0,3.186966666689841,151.915,0.0,0.0034882624681813897
JNJ,2025-06-30 16:33:00+00:00,SELL,151.805,37.0,5619.97196666669,151.805,0.0,0.006398063288950372
JNJ,2025-06-30 16:35:00+00:00,BUY,151.82,37.0,2.63196666668955,151.82,0.0,0.0046025625077745986
JNJ,2025-06-30 16:54:00+00:00,SELL,151.9572,37.0,5625.04836666669,151.9572,0.0,0.006547513714386834
JNJ,2025-06-30 17:14:00+00:00,BUY,151.85,37.0,6.598366666689799,151.85,0.0,0.005260912839471065
JNJ,2025-06-30 17:40:00+00:00,SELL,151.9,37.0,5626.89836666669,151.9,0.0,0.006379310344827587
JNJ,2025-06-30 18:12:00+00:00,BUY,151.76,37.0,11.77836666669009,151.76,0.0,0.008780256288561937
JNJ,2025-06-30 18:21:00+00:00,SELL,151.6,37.0,5620.97836666669,151.6,0.0,0.001579172001707213
JNJ,2025-06-30 18:33:00+00:00,BUY,151.73,37.0,6.968366666690599,151.73,0.0,0.004589431902753659
JNJ,2025-06-30 19:13:00+00:00,SELL,151.7702,37.0,5622.46576666669,151.7702,0.0,0.0047533401849948614
JNJ,2025-06-30 19:24:00+00:00,BUY,151.81,37.0,5.495766666689633,151.81,0.0,0.0032720198089847895
JNJ,2025-06-30 20:43:00+00:00,SELL,152.52,37.0,5648.73576666669,152.52,0.0,0.34579439252336447
JNJ,2025-07-01 08:54:00+00:00,BUY,152.79,36.0,148.29576666669072,152.79,0.0,0.14754098360655737
JNJ,2025-07-01 14:55:00+00:00,SELL,156.42,36.0,5779.415766666691,156.42,0.0,0.0007954394803128729
JNJ,2025-07-01 14:57:00+00:00,BUY,156.49,36.0,145.7757666666903,156.49,0.0,0.0018799937333542221
JNJ,2025-07-01 15:30:00+00:00,SELL,157.1,36.0,5801.37576666669,157.1,0.0,0.0010616024298900062
JNJ,2025-07-01 15:43:00+00:00,BUY,157.16,36.0,143.61576666668952,157.16,0.0,0.002699055330634278
JNJ,2025-07-01 15:57:00+00:00,SELL,157.22,36.0,5803.53576666669,157.22,0.0,0.0028213166144200625
JNJ,2025-07-01 15:58:00+00:00,BUY,157.255,36.0,142.3557666666893,157.255,0.0,0.001963457867466594
JNJ,2025-07-01 15:59:00+00:00,SELL,157.255,36.0,5803.53576666669,157.255,0.0,0.002365930599369085
JNJ,2025-07-01 16:08:00+00:00,BUY,157.355,36.0,138.75576666668985,157.355,0.0,0.004343629343629344
JNJ,2025-07-01 16:18:00+00:00,SELL,156.89,36.0,5786.795766666689,156.89,0.0,0.0036968576709796672
JNJ,2025-07-01 17:24:00+00:00,BUY,155.27,37.0,41.80576666668821,155.27,0.0,0.003835786854654779
JNJ,2025-07-01 17:43:00+00:00,SELL,155.39,37.0,5791.235766666688,155.39,0.0,0.006975867269984917
JNJ,2025-07-01 17:57:00+00:00,BUY,155.44,37.0,39.95576666668785,155.44,0.0,0.0041359266711379385
JNJ,2025-07-01 18:04:00+00:00,SELL,155.315,37.0,5786.610766666688,155.315,0.0,0.005410147682409709
JNJ,2025-07-01 18:07:00+00:00,BUY,155.53,37.0,32.00076666668792,155.53,0.0,0.0035580344263871524
JNJ,2025-07-01 18:24:00+00:00,SELL,155.64,37.0,5790.680766666687,155.64,0.0,0.006413589876928411
JNJ,2025-07-01 18:44:00+00:00,BUY,155.54,37.0,35.70076666668774,155.54,0.0,0.001954775993237532
JNJ,2025-07-01 19:27:00+00:00,SELL,155.91,37.0,5804.370766666688,155.91,0.0,0.0018350443882358776
JNJ,2025-07-01 19:39:00+00:00,BUY,155.925,37.0,35.14576666668745,155.925,0.0,0.002632702433470898
JNJ,2025-07-01 19:40:00+00:00,SELL,155.865,37.0,5802.150766666688,155.865,0.0,0.000954395377631036
JNJ,2025-07-01 19:45:00+00:00,BUY,156.04,37.0,28.670766666688,156.04,0.0,0.0013698630136986301
JNJ,2025-07-01 19:52:00+00:00,SELL,155.81,37.0,5793.640766666688,155.81,0.0,0.001392443173265091
JNJ,2025-07-01 21:12:00+00:00,BUY,156.26,37.0,12.02076666668836,156.26,0.0,0.015533165407220823
JNJ,2025-07-02 13:31:00+00:00,SELL,155.63,37.0,5770.330766666688,155.63,0.0,0.002789295137580098
JNJ,2025-07-02 13:56:00+00:00,BUY,155.6,37.0,13.130766666688032,155.6,0.0,0.00295173514160351
JNJ,2025-07-02 14:18:00+00:00,SELL,156.14,37.0,5790.310766666687,156.14,0.0,0.0026008716434697036
JNJ,2025-07-02 14:46:00+00:00,BUY,155.85,37.0,23.8607666666876,155.85,0.0,0.00038062319332572085
JNJ,2025-07-02 14:49:00+00:00,SELL,155.61,37.0,5781.430766666688,155.61,0.0,0.0031009051290647
JNJ,2025-07-02 15:05:00+00:00,BUY,155.58,37.0,24.970766666688174,155.58,0.0,0.007714762301918266
JNJ,2025-07-02 15:08:00+00:00,SELL,155.395,37.0,5774.585766666689,155.395,0.0,0.004153103603097991
JNJ,2025-07-02 15:14:00+00:00,BUY,155.63,37.0,16.27576666668938,155.63,0.0,0.0035890969056164516
JNJ,2025-07-02 15:33:00+00:00,SELL,155.7,37.0,5777.175766666689,155.7,0.0,0.004949170679507758
JNJ,2025-07-02 15:43:00+00:00,BUY,155.905,37.0,8.690766666689342,155.905,0.0,0.003509437541496728
JNJ,2025-07-02 15:53:00+00:00,SELL,155.8092,37.0,5773.63116666669,155.8092,0.0,0.007171932545066873
JNJ,2025-07-02 16:31:00+00:00,BUY,155.5,37.0,20.13116666668975,155.5,0.0,0.011054675829100687
JNJ,2025-07-02 17:02:00+00:00,SELL,155.5,37.0,5773.63116666669,155.5,0.0,0.007552561747295366
JNJ,2025-07-02 17:14:00+00:00,BUY,155.55,37.0,18.281166666689387,155.55,0.0,0.010872759330002939
JNJ,2025-07-02 17:46:00+00:00,SELL,155.68,37.0,5778.441166666689,155.68,0.0,0.006808980493191019
JNJ,2025-07-02 18:04:00+00:00,BUY,155.68,37.0,18.281166666689387,155.68,0.0,0.005312275664034458
JNJ,2025-07-02 18:38:00+00:00,SELL,155.81,37.0,5783.25116666669,155.81,0.0,0.007016878437322208
JNJ,2025-07-02 18:40:00+00:00,BUY,155.86,37.0,16.431166666689023,155.86,0.0,0.008732593816379515
JNJ,2025-07-02 18:51:00+00:00,SELL,155.8392,37.0,5782.481566666689,155.8392,0.0,0.002459452273331561
JNJ,2025-07-02 19:11:00+00:00,BUY,155.72,37.0,20.841566666688777,155.72,0.0,0.001945422998054577
JNJ,2025-07-02 19:13:00+00:00,SELL,155.635,37.0,5779.336566666689,155.635,0.0,0.004688291941206285
JNJ,2025-07-02 19:18:00+00:00,BUY,155.71,37.0,18.06656666668823,155.71,0.0,0.0066919877012117926
JNJ,2025-07-02 19:20:00+00:00,SELL,155.59,37.0,5774.896566666688,155.59,0.0,0.004825247782994262
JNJ,2025-07-02 19:34:00+00:00,BUY,155.57,37.0,18.806566666688013,155.56999999999996,1.0516032489249483e-12,0.005004057343792264
JNJ,2025-07-02 19:56:00+00:00,SELL,155.43,37.0,5769.716566666688,155.43,0.0,0.0008938061648468451
JNJ,2025-07-02 22:36:00+00:00,BUY,155.68,37.0,9.556566666688012,155.68,0.0,0.37
JNJ,2025-07-03 13:31:00+00:00,SELL,155.28,37.0,5754.916566666688,155.28,0.0,0.0011872292635969838
JNJ,2025-07-03 13:41:00+00:00,BUY,155.52,37.0,0.6765666666869947,155.52,0.0,0.0038199463142680155
JNJ,2025-07-03 14:01:00+00:00,SELL,155.625,37.0,5758.801566666687,155.625,0.0,0.005530642750373692
JNJ,2025-07-03 14:31:00+00:00,BUY,155.385,37.0,9.556566666687104,155.385,0.0,0.001563952996872094
JNJ,2025-07-03 14:57:00+00:00,SELL,155.89,37.0,5777.486566666687,155.89,0.0,0.0021660227139679196
JNJ,2025-07-03 15:06:00+00:00,BUY,155.94,37.0,7.70656666668674,155.94,0.0,0.0064213814647691774
JNJ,2025-07-03 15:20:00+00:00,SELL,155.92,37.0,5776.746566666687,155.92,0.0,0.009266215877786126
JNJ,2025-07-03 15:36:00+00:00,BUY,155.94,37.0,6.966566666686958,155.94,0.0,0.008838987099856666
JNJ,2025-07-03 16:02:00+00:00,SELL,156.115,37.0,5783.221566666687,156.115,0.0,0.004713375796178344
JNJ,2025-07-03 16:25:00+00:00,BUY,156.04,37.0,9.741566666687504,156.04,0.0,0.003389519970685233
JNJ,2025-07-03 16:48:00+00:00,SELL,156.14,37.0,5786.921566666687,156.14,0.0,0.0019183906258101312
JNJ,2025-07-03 17:16:00+00:00,BUY,156.4999,36.0,152.9251666666869,156.4999,0.0,0.3564356435643564
JNJ,2025-07-03 19:11:00+00:00,SELL,155.5499,36.0,5752.721566666687,155.5499,0.0,0.1180327868852459
JNJ,2025-07-07 12:25:00+00:00,BUY,156.01,36.0,136.3615666666874,156.01,0.0,0.12949640287769784
JNJ,2025-07-07 13:23:00+00:00,SELL,155.79,36.0,5744.801566666687,155.79,0.0,0.3333333333333333
JNJ,2025-07-07 13:40:00+00:00,BUY,156.08,36.0,125.92156666668689,156.08,0.0,0.0018065940683494755
JNJ,2025-07-07 14:08:00+00:00,SELL,156.11,36.0,5745.881566666688,156.11,0.0,0.0015843675732770002
JNJ,2025-07-07 14:24:00+00:00,BUY,156.045,36.0,128.26156666668794,156.045,0.0,0.004117108874656907
JNJ,2025-07-07 14:38:00+00:00,SELL,155.905,36.0,5740.841566666688,155.905,0.0,0.005175388154111558
JNJ,2025-07-07 14:57:00+00:00,BUY,156.09,36.0,121.60156666668809,156.09,0.0,0.0028125
JNJ,2025-07-07 15:10:00+00:00,SELL,155.975,36.0,5736.701566666688,155.975,0.0,0.0029025235830041117
JNJ,2025-07-07 15:36:00+00:00,BUY,155.8001,36.0,127.89796666668826,155.8001,0.0,0.004791056694170881
JNJ,2025-07-07 15:44:00+00:00,SELL,155.605,36.0,5729.677966666688,155.605,0.0,0.004734350341925302
JNJ,2025-07-07 16:01:00+00:00,BUY,155.585,36.0,128.6179666666876,155.585,0.0,0.007917308115240818
JNJ,2025-07-07 16:08:00+00:00,SELL,155.42,36.0,5723.737966666688,155.42,0.0,0.0033210332103321034
JNJ,2025-07-07 16:38:00+00:00,BUY,155.17,36.0,137.6179666666876,155.17,0.0,0.002619324796274738
JNJ,2025-07-07 17:00:00+00:00,SELL,155.38,36.0,5731.297966666688,155.38,0.0,0.007805724197745013
JNJ,2025-07-07 17:10:00+00:00,BUY,155.405,36.0,136.71796666668797,155.405,0.0,0.006062647356012125
JNJ,2025-07-07 17:29:00+00:00,SELL,155.57,36.0,5737.237966666688,155.57,0.0,0.02340702210663199
JNJ,2025-07-07 17:51:00+00:00,BUY,155.45,36.0,141.03796666668768,155.45,0.0,0.007375537799631223
JNJ,2025-07-07 18:10:00+00:00,SELL,155.44,36.0,5736.877966666688,155.44,0.0,0.005631159080244017
JNJ,2025-07-07 18:38:00+00:00,BUY,155.24,36.0,148.2379666666875,155.24,0.0,0.00880410858400587
JNJ,2025-07-07 19:04:00+00:00,SELL,155.2066,36.0,5735.675566666688,155.2066,0.0,0.006259780907668232
JNJ,2025-07-07 19:20:00+00:00,BUY,155.23,36.0,147.39556666668796,155.23,0.0,0.0032754071513056136
JNJ,2025-07-07 19:23:00+00:00,SELL,155.08,36.0,5730.275566666688,155.08,0.0,0.001750291715285881
JNJ,2025-07-07 19:37:00+00:00,BUY,155.12,36.0,145.95556666668836,155.12,0.0,0.0022960648000510237
JNJ,2025-07-07 19:42:00+00:00,SELL,154.97,36.0,5724.875566666688,154.97,0.0,0.0025344973246972683
JNJ,2025-07-07 19:47:00+00:00,BUY,155.09,36.0,141.63556666668865,155.09,0.0,0.0015487867836861124
JNJ,2025-07-08 12:21:00+00:00,SELL,155.11,36.0,5725.59556666669,155.11,0.0,0.017982017982017984
JNJ,2025-07-08 13:40:00+00:00,BUY,155.11,36.0,141.63556666668865,155.11,0.0,0.004611837048424289
JNJ,2025-07-08 14:01:00+00:00,SELL,155.71,36.0,5747.195566666689,155.71,0.0,0.004179243092639889
JNJ,2025-07-08 14:11:00+00:00,BUY,155.98,36.0,131.9155666666893,155.98,0.0,0.0019230769230769232
JNJ,2025-07-08 14:41:00+00:00,SELL,156.425,36.0,5763.2155666666895,156.425,0.0,0.005440531963125284
JNJ,2025-07-08 14:55:00+00:00,BUY,156.54,36.0,127.77556666668988,156.54,0.0,0.005131128848346636
JNJ,2025-07-08 15:01:00+00:00,SELL,156.39,36.0,5757.815566666689,156.39,0.0,0.008571428571428572
JNJ,2025-07-08 15:08:00+00:00,BUY,156.54,36.0,122.37556666668934,156.54,0.0,0.004437322815234808
JNJ,2025-07-08 15:16:00+00:00,SELL,156.43,36.0,5753.85556666669,156.43,0.0,0.005609224057338735
JNJ,2025-07-08 15:17:00+00:00,BUY,156.49,36.0,120.21556666668948,156.49,0.0,0.004592422502870264
JNJ,2025-07-08 15:18:00+00:00,SELL,156.445,36.0,5752.235566666689,156.445,0.0,0.008961911874533234
JNJ,2025-07-08 15:37:00+00:00,BUY,156.285,36.0,125.9755666666888,156.285,0.0,0.009811937857726901
JNJ,2025-07-08 15:59:00+00:00,SELL,156.28,36.0,5752.055566666689,156.28,0.0,0.007184194771502694
JNJ,2025-07-08 16:17:00+00:00,BUY,156.17,36.0,129.93556666668883,156.17,0.0,0.004708344232278315
JNJ,2025-07-08 16:36:00+00:00,SELL,156.13,36.0,5750.615566666689,156.13,0.0,0.010788133053640995
JNJ,2025-07-08 17:19:00+00:00,BUY,155.19,37.0,8.585566666689374,155.19,0.0,0.00636504386719422
JNJ,2025-07-08 17:36:00+00:00,SELL,155.225,37.0,5751.910566666689,155.225,0.0,0.00755718954248366
JNJ,2025-07-08 17:51:00+00:00,BUY,155.29,37.0,6.180566666689629,155.29,0.0,0.011920103092783504
JNJ,2025-07-08 18:04:00+00:00,SELL,155.2451,37.0,5750.24926666669,155.2451,0.0,0.01061084026383711
JNJ,2025-07-08 18:05:00+00:00,BUY,155.265,37.0,5.4442666666909645,155.265,0.0,0.0069811320754716985
JNJ,2025-07-08 18:06:00+00:00,SELL,155.26,37.0,5750.064266666691,155.26,0.0,0.009266215877786126
JNJ,2025-07-08 18:11:00+00:00,BUY,155.34,37.0,2.484266666690928,155.34,0.0,0.01259360108917631
JNJ,2025-07-08 18:30:00+00:00,SELL,155.46,37.0,5754.504266666691,155.46,0.0,0.006883720930232558
JNJ,2025-07-08 18:53:00+00:00,BUY,155.3404,37.0,6.9094666666915145,155.3404,0.0,0.015982721382289417
JNJ,2025-07-08 19:19:00+00:00,SELL,155.48,37.0,5759.669466666691,155.48,0.0,0.0039378458918688805
JNJ,2025-07-08 19:28:00+00:00,BUY,155.55,37.0,4.31946666669046,155.55,0.0,0.0016523020586790514
JNJ,2025-07-08 19:52:00+00:00,SELL,155.47,37.0,5756.709466666691,155.47,0.0,0.0015689932999745568
JNJ,2025-07-08 19:59:00+00:00,BUY,155.78,36.0,148.62946666669086,155.78,0.0,0.00010009035935219295
JNJ,2025-07-09 13:30:00+00:00,SELL,155.7,36.0,5753.829466666691,155.7,0.0,0.0001393501637364424
JNJ,2025-07-09 13:33:00+00:00,BUY,156.445,36.0,121.80946666669116,156.445,0.0,0.0010081774392293043
JNJ,2025-07-09 13:46:00+00:00,SELL,156.06,36.0,5739.969466666691,156.06,0.0,0.00176522506619594
JNJ,2025-07-09 14:23:00+00:00,BUY,155.65,36.0,136.56946666669046,155.65,0.0,0.006998444790046656
JNJ,2025-07-09 14:33:00+00:00,SELL,155.61,36.0,5738.529466666691,155.61,0.0,0.010180995475113122
JNJ,2025-07-09 14:47:00+00:00,BUY,155.83,36.0,128.6494666666913,155.83,0.0,0.0024831011173955028
JNJ,2025-07-09 14:53:00+00:00,SELL,155.57,36.0,5729.169466666691,155.57,0.0,0.0027518728023238036
JNJ,2025-07-09 15:08:00+00:00,BUY,155.6268,36.0,126.60466666669072,155.6268,0.0,0.004241281809613572
JNJ,2025-07-09 15:12:00+00:00,SELL,155.425,36.0,5721.904666666691,155.42500000000004,-1.0231815394945443e-12,0.0024882499308819463
JNJ,2025-07-09 15:29:00+00:00,BUY,155.33,36.0,130.0246666666908,155.33,0.0,0.0020394289598912306
JNJ,2025-07-09 15:42:00+00:00,SELL,155.39,36.0,5724.06466666669,155.38999999999996,1.0231815394945443e-12,0.0052662375658279695
JNJ,2025-07-09 16:00:00+00:00,BUY,155.31,36.0,132.90466666669,155.31,0.0,0.003181336161187699
JNJ,2025-07-09 16:22:00+00:00,SELL,155.31,36.0,5724.06466666669,155.31,0.0,0.003011040481766477
JNJ,2025-07-09 16:35:00+00:00,BUY,155.388,36.0,130.09666666669,155.388,0.0,0.004464285714285714
JNJ,2025-07-09 16:51:00+00:00,SELL,155.4,36.0,5724.4966666666905,155.4,0.0,0.0030405405405405407
JNJ,2025-07-09 17:07:00+00:00,BUY,155.465,36.0,127.75666666669076,155.465,0.0,0.0021956574774335204
JNJ,2025-07-09 17:28:00+00:00,SELL,155.38,36.0,5721.436666666691,155.38,0.0,0.00498200941046222
JNJ,2025-07-09 17:45:00+00:00,BUY,155.34,36.0,129.19666666669127,155.34,0.0,0.006674082313681869
JNJ,2025-07-09 18:16:00+00:00,SELL,155.53,36.0,5728.276666666691,155.53,0.0,0.0033051781123760557
JNJ,2025-07-09 18:33:00+00:00,BUY,155.59,36.0,127.03666666669142,155.59,0.0,0.0018343014368694588
JNJ,2025-07-09 18:42:00+00:00,SELL,155.55,36.0,5726.836666666692,155.55,0.0,0.006818181818181818
JNJ,2025-07-09 18:44:00+00:00,BUY,155.64,36.0,123.79666666669254,155.64,0.0,0.006191950464396285
JNJ,2025-07-09 18:58:00+00:00,SELL,155.65,36.0,5727.196666666693,155.65,0.0,0.007404360345536816
JNJ,2025-07-09 18:59:00+00:00,BUY,155.6497,36.0,123.80746666669349,155.6497,0.0,0.004797441364605544
JNJ,2025-07-09 19:01:00+00:00,SELL,155.59,36.0,5725.047466666693,155.59,0.0,0.0008137432188065099
JNJ,2025-07-09 19:15:00+00:00,BUY,155.65,36.0,121.64746666669272,155.65,0.0,0.0015987210231814548
JNJ,2025-07-09 19:42:00+00:00,SELL,155.72,36.0,5727.567466666693,155.72,0.0,0.0021289178001182734
JNJ,2025-07-09 19:46:00+00:00,BUY,155.82,36.0,118.04746666669324,155.82,0.0,0.0011653502524925548
JNJ,2025-07-10 13:30:00+00:00,SELL,155.8209,36.0,5727.599866666693,155.8209,0.0,0.00032284679126161353
JNJ,2025-07-10 13:37:00+00:00,BUY,156.35,36.0,98.99986666669338,156.35,0.0,0.002186456119040389
JNJ,2025-07-10 14:25:00+00:00,SELL,158.1612,36.0,5792.803066666694,158.1612,0.0,0.0030529172320217096
JNJ,2025-07-10 14:31:00+00:00,BUY,158.435,36.0,89.14306666669381,158.435,0.0,0.0007070746749420592
JNJ,2025-07-10 14:48:00+00:00,SELL,158.49,36.0,5794.783066666694,158.49,0.0,0.0030562866117667033
JNJ,2025-07-10 14:54:00+00:00,BUY,158.57,36.0,86.26306666669461,158.57,0.0,0.002396325634027824
JNJ,2025-07-10 14:58:00+00:00,SELL,158.49,36.0,5791.903066666695,158.49,0.0,0.007610993657505285
JNJ,2025-07-10 15:03:00+00:00,BUY,158.7042,36.0,78.55186666669579,158.7042,0.0,0.005844155844155844
JNJ,2025-07-10 15:21:00+00:00,SELL,158.87,36.0,5797.871866666696,158.87,0.0,0.007205764611689352
JNJ,2025-07-10 15:45:00+00:00,BUY,158.48,36.0,92.59186666669576,158.48,0.0,0.0018825498091303665
JNJ,2025-07-10 15:54:00+00:00,SELL,158.25,36.0,5789.591866666696,158.25,0.0,0.0035849432383987254
JNJ,2025-07-10 16:10:00+00:00,BUY,158.14,36.0,96.5518666666967,158.14,0.0,0.005346799346502302
JNJ,2025-07-10 16:13:00+00:00,SELL,158.15,36.0,5789.951866666697,158.15,0.0,0.004808334446373714
JNJ,2025-07-10 16:39:00+00:00,BUY,157.88,36.0,106.27186666669697,157.88,0.0,0.00470526728532218
JNJ,2025-07-10 16:55:00+00:00,SELL,157.86,36.0,5789.231866666698,157.86,0.0,0.012117132278694043
JNJ,2025-07-10 17:27:00+00:00,BUY,157.81,36.0,108.07186666669804,157.81,0.0,0.0037132542547705003
JNJ,2025-07-10 17:31:00+00:00,SELL,157.67,36.0,5784.191866666698,157.67,0.0,0.008057296329453895
JNJ,2025-07-10 17:52:00+00:00,BUY,157.58,36.0,111.31186666669782,157.58,0.0,0.0045141065830721005
JNJ,2025-07-10 18:10:00+00:00,SELL,157.75,36.0,5790.311866666698,157.75,0.0,0.008234217749313814
JNJ,2025-07-10 18:26:00+00:00,BUY,157.79,36.0,109.87186666669822,157.79,0.0,0.006632277081798084
JNJ,2025-07-10 18:31:00+00:00,SELL,157.585,36.0,5782.931866666699,157.585,0.0,0.005643517792757485
JNJ,2025-07-10 18:57:00+00:00,BUY,157.4814,36.0,113.60146666669787,157.4814,0.0,0.005798035110323723
JNJ,2025-07-10 19:28:00+00:00,SELL,157.565,36.0,5785.941466666698,157.565,0.0,0.003662258392675483
JNJ,2025-07-10 19:42:00+00:00,BUY,157.705,36.0,108.56146666669792,157.705,0.0,0.002354326074161271
JNJ,2025-07-10 19:50:00+00:00,SELL,157.615,36.0,5782.701466666698,157.615,0.0,0.0009641393717025094
JNJ,2025-07-10 20:04:00+00:00,BUY,157.69,36.0,105.8614666666981,157.69,0.0,0.0438489646772229
JNJ,2025-07-11 11:00:00+00:00,SELL,156.87,36.0,5753.181466666698,156.87,0.0,0.03596403596403597
JNJ,2025-07-11 13:50:00+00:00,BUY,156.19,36.0,130.34146666669767,156.19,0.0,0.002323480056796179
JNJ,2025-07-11 13:54:00+00:00,SELL,156.1775,36.0,5752.731466666698,156.1775,0.0,0.0026950142236861806
JNJ,2025-07-11 13:55:00+00:00,BUY,156.32,36.0,125.21146666669848,156.32,0.0,0.006606716828775922
JNJ,2025-07-11 14:12:00+00:00,SELL,156.14,36.0,5746.2514666666975,156.14,0.0,0.0031748831466619633
JNJ,2025-07-11 15:15:00+00:00,BUY,155.39,36.0,152.21146666669847,155.39,0.0,0.005361131794489948
JNJ,2025-07-11 16:05:00+00:00,SELL,156.1093,36.0,5772.1462666666985,156.1093,0.0,0.005669291338582677
JNJ,2025-07-11 16:18:00+00:00,BUY,156.16,36.0,150.38626666669825,156.16,0.0,0.005518087063151441
JNJ,2025-07-11 17:24:00+00:00,SELL,156.85,36.0,5796.986266666698,156.85,0.0,0.005505428964673497
JNJ,2025-07-11 17:37:00+00:00,BUY,156.94,36.0,147.14626666669756,156.94,0.0,0.002155688622754491
JNJ,2025-07-11 17:48:00+00:00,SELL,156.835,36.0,5793.206266666698,156.835,0.0,0.008782629909734082
JNJ,2025-07-11 18:17:00+00:00,BUY,156.815,36.0,147.8662666666978,156.815,0.0,0.0027077848815344114
JNJ,2025-07-11 18:35:00+00:00,SELL,156.865,36.0,5795.006266666698,156.865,0.0,0.00354295837023915
JNJ,2025-07-11 18:43:00+00:00,BUY,156.95,36.0,144.80626666669832,156.95,0.0,0.006710158434296365
JNJ,2025-07-11 18:55:00+00:00,SELL,156.89,36.0,5792.846266666697,156.89,0.0,0.00827966881324747
JNJ,2025-07-11 19:09:00+00:00,BUY,157.0039,36.0,140.70586666669806,157.0039,0.0,0.0032217648111687847
JNJ,2025-07-11 19:38:00+00:00,SELL,157.001,36.0,5792.741866666698,157.001,0.0,0.002952029520295203
JNJ,2025-07-11 20:02:00+00:00,BUY,156.9,36.0,144.34186666669757,156.9,0.0,0.0010195989577432877
JNJ,2025-07-14 12:32:00+00:00,SELL,156.3,36.0,5771.141866666698,156.3,0.0,0.03119584055459272
JNJ,2025-07-14 13:33:00+00:00,BUY,157.035,36.0,117.88186666669752,157.035,0.0,0.001106126712960118
JNJ,2025-07-14 13:37:00+00:00,SELL,156.643,36.0,5757.029866666698,156.643,0.0,0.0018281535648994515
JNJ,2025-07-14 13:40:00+00:00,BUY,156.875,36.0,109.52986666669769,156.875,0.0,0.001116002232004464
JNJ,2025-07-14 14:00:00+00:00,SELL,157.05,36.0,5763.329866666698,157.05,0.0,0.0003507677917218801
JNJ,2025-07-14 14:37:00+00:00,BUY,156.74,36.0,120.68986666669753,156.74,0.0,0.0004140691495479745
JNJ,2025-07-14 14:41:00+00:00,SELL,156.58,36.0,5757.569866666698,156.58,0.0,0.0006776853281126463
JNJ,2025-07-14 15:13:00+00:00,BUY,156.0,36.0,141.56986666669764,156.0,0.0,0.001538856116953065
JNJ,2025-07-14 15:16:00+00:00,SELL,155.83,36.0,5751.449866666698,155.83,0.0,0.0016230838593327321
JNJ,2025-07-14 15:26:00+00:00,BUY,155.98,36.0,136.169866666698,155.98,0.0,0.0021221410044800753
JNJ,2025-07-14 15:48:00+00:00,SELL,156.26,36.0,5761.529866666698,156.26,0.0,0.0012876457543458044
JNJ,2025-07-14 16:25:00+00:00,BUY,156.02,36.0,144.80986666669742,156.02,0.0,0.004361521686455052
JNJ,2025-07-14 16:31:00+00:00,SELL,155.82,36.0,5754.329866666697,155.82,0.0,0.0012040939193257074
JNJ,2025-07-14 16:35:00+00:00,BUY,156.015,36.0,137.7898666666979,156.015,0.0,0.0017187052420509883
JNJ,2025-07-14 17:34:00+00:00,SELL,156.4,36.0,5768.189866666698,156.4,0.0,0.0005194955121359924
JNJ,2025-07-14 17:49:00+00:00,BUY,156.565,36.0,131.8498666666983,156.565,0.0,0.0015422842944049352
JNJ,2025-07-14 18:00:00+00:00,SELL,156.4196,36.0,5762.955466666698,156.4196,0.0,0.0038751345532831
JNJ,2025-07-14 18:22:00+00:00,BUY,156.43,36.0,131.47546666669768,156.43,0.0,0.0008339124391938846
JNJ,2025-07-14 18:26:00+00:00,SELL,156.36,36.0,5760.435466666699,156.36,0.0,0.0010587612493382743
JNJ,2025-07-14 18:31:00+00:00,BUY,156.46,36.0,127.87546666669824,156.46,0.0,0.0005392127493858966
JNJ,2025-07-14 18:49:00+00:00,SELL,156.455,36.0,5760.255466666698,156.455,0.0,0.002004008016032064
JNJ,2025-07-14 19:12:00+00:00,BUY,156.45,36.0,128.05546666669852,156.45,0.0,0.0012336371736001645
JNJ,2025-07-14 19:21:00+00:00,SELL,156.3,36.0,5754.855466666699,156.3,0.0,0.0008414753868449348
JNJ,2025-07-14 19:26:00+00:00,BUY,156.44,36.0,123.01546666669856,156.44,0.0,0.0014618695687484773
JNJ,2025-07-14 19:46:00+00:00,SELL,156.705,36.0,5764.395466666699,156.705,0.0,0.0017475728155339806
JNJ,2025-07-14 19:49:00+00:00,BUY,156.86,36.0,117.43546666669772,156.86,0.0,0.0004262372720814587
JNJ,2025-07-14 19:52:00+00:00,SELL,156.59,36.0,5754.6754666666975,156.59,0.0,0.0008818774190387537
JNJ,2025-07-14 19:57:00+00:00,BUY,156.855,36.0,107.89546666669776,156.855,0.0,0.00036685281050014267
JNJ,2025-07-15 11:03:00+00:00,SELL,156.48,36.0,5741.1754666666975,156.48,0.0,0.08071748878923767
JNJ,2025-07-15 13:33:00+00:00,BUY,157.085,36.0,86.1154666666971,157.085,0.0,0.0008675534991324465
JNJ,2025-07-15 13:44:00+00:00,SELL,156.55,36.0,5721.915466666697,156.55,0.0,0.0021487405992598784
JNJ,2025-07-15 13:55:00+00:00,BUY,156.735,36.0,79.45546666669634,156.735,0.0,0.0029356601157954822
JNJ,2025-07-15 13:59:00+00:00,SELL,156.6089,36.0,5717.375866666696,156.6089,0.0,0.005013927576601671
JNJ,2025-07-15 14:03:00+00:00,BUY,156.78,36.0,73.29586666669638,156.78,0.0,0.0018063221274460613
JNJ,2025-07-15 14:08:00+00:00,SELL,156.455,36.0,5705.6758666666965,156.455,0.0,0.0018089543239033215
JNJ,2025-07-15 14:45:00+00:00,BUY,155.47,36.0,108.75586666669642,155.47000000000003,-1.0231815394945443e-12,0.004622496147919877
JNJ,2025-07-15 14:52:00+00:00,SELL,155.15,36.0,5694.155866666697,155.15,0.0,0.004744333157617291
JNJ,2025-07-15 15:00:00+00:00,BUY,155.3205,36.0,102.6178666666965,155.3205,0.0,0.004028197381671702
JNJ,2025-07-15 15:04:00+00:00,SELL,155.27,36.0,5692.337866666697,155.27,0.0,0.0038593481989708405
JNJ,2025-07-15 15:05:00+00:00,BUY,155.4,36.0,97.9378666666962,155.4,0.0,0.010172365074879909
JNJ,2025-07-15 15:12:00+00:00,SELL,155.1,36.0,5681.537866666696,155.1,0.0,0.002863961813842482
JNJ,2025-07-15 15:25:00+00:00,BUY,155.26,36.0,92.177866666696,155.26,0.0,0.007207207207207207
JNJ,2025-07-15 15:32:00+00:00,SELL,154.98,36.0,5671.457866666696,154.98,0.0,0.00357355568790947
JNJ,2025-07-15 15:46:00+00:00,BUY,155.0,36.0,91.45786666669574,155.0,0.0,0.005091937765205092
JNJ,2025-07-15 16:10:00+00:00,SELL,155.195,36.0,5678.477866666695,155.195,0.0,0.003956043956043956
JNJ,2025-07-15 16:15:00+00:00,BUY,155.355,36.0,85.69786666669552,155.355,0.0,0.011002444987775062
JNJ,2025-07-15 16:21:00+00:00,SELL,155.28,36.0,5675.777866666695,155.28,0.0,0.0020131976289005705
JNJ,2025-07-15 16:25:00+00:00,BUY,155.18,36.0,89.29786666669497,155.18,0.0,0.0033479029108155864
JNJ,2025-07-15 16:26:00+00:00,SELL,155.14,36.0,5674.337866666694,155.14,0.0,0.00510928186204939
JNJ,2025-07-15 16:47:00+00:00,BUY,155.13,36.0,89.65786666669374,155.13,0.0,0.006868918145392101
JNJ,2025-07-15 17:02:00+00:00,SELL,155.11,36.0,5673.617866666695,155.11,0.0,0.005139920045688178
JNJ,2025-07-15 17:10:00+00:00,BUY,155.28,36.0,83.53786666669475,155.28,0.0,0.003981860413671054
JNJ,2025-07-15 17:52:00+00:00,SELL,155.535,36.0,5682.797866666695,155.535,0.0,0.002127659574468085
JNJ,2025-07-15 18:11:00+00:00,BUY,155.49,36.0,85.15786666669464,155.49,0.0,0.0062402496099844
JNJ,2025-07-15 18:17:00+00:00,SELL,155.28,36.0,5675.237866666695,155.28,0.0,0.0036611410556290046
JNJ,2025-07-15 18:34:00+00:00,BUY,155.385,36.0,81.3778666666949,155.385,0.0,0.004647560030983733
JNJ,2025-07-15 18:53:00+00:00,SELL,155.31,36.0,5672.537866666695,155.31,0.0,0.0029213665503529983
JNJ,2025-07-15 19:06:00+00:00,BUY,155.34,36.0,80.29786666669497,155.34,0.0,0.004243281471004243
JNJ,2025-07-15 19:34:00+00:00,SELL,155.305,36.0,5671.277866666695,155.305,0.0,0.0009926105657880224
JNJ,2025-07-15 19:47:00+00:00,BUY,155.5,36.0,73.27786666669545,155.5,0.0,0.0011755102040816327
JNJ,2025-07-15 19:57:00+00:00,SELL,155.29,36.0,5663.717866666695,155.29,0.0,0.0005234155774291572
JNJ,2025-07-15 22:03:00+00:00,BUY,155.25,36.0,74.71786666669504,155.25,0.0,0.144
JNJ,2025-07-16 11:52:00+00:00,SELL,157.78,36.0,5754.797866666695,157.78,0.0,0.01651376146788991
JNJ,2025-07-16 12:24:00+00:00,BUY,158.4,36.0,52.397866666694426,158.4,0.0,0.13793103448275862
JNJ,2025-07-16 12:52:00+00:00,SELL,158.15,36.0,5745.797866666695,158.15,0.0,0.036585365853658534
JNJ,2025-07-16 13:09:00+00:00,BUY,158.0,36.0,57.79786666669497,158.0,0.0,0.06112054329371817
JNJ,2025-07-16 13:45:00+00:00,SELL,161.295,36.0,5864.417866666695,161.29500000000002,-1.0231815394945443e-12,0.00033940171020750644
JNJ,2025-07-16 13:53:00+00:00,BUY,162.04,36.0,30.977866666695263,162.04,0.0,0.001328462304882099
JNJ,2025-07-16 14:46:00+00:00,SELL,163.695,36.0,5923.997866666695,163.695,0.0,0.000976694972733932
JNJ,2025-07-16 14:52:00+00:00,BUY,163.94,36.0,22.157866666694645,163.94,0.0,0.0010799136069114472
JNJ,2025-07-16 15:19:00+00:00,SELL,164.25,36.0,5935.157866666695,164.25,0.0,0.0017431725740848344
JNJ,2025-07-16 15:29:00+00:00,BUY,164.68,36.0,6.677866666694172,164.68,0.0,0.0013315579227696406
JNJ,2025-07-16 16:14:00+00:00,SELL,165.52,36.0,5965.397866666694,165.52,0.0,0.0012100433598870627
JNJ,2025-07-16 16:33:00+00:00,BUY,165.25,36.0,16.397866666694426,165.25,0.0,0.0010409738889049533
JNJ,2025-07-16 16:46:00+00:00,SELL,164.952,36.0,5954.669866666694,164.952,0.0,0.0014745033790702438
JNJ,2025-07-16 17:35:00+00:00,BUY,164.66,36.0,26.909866666694143,164.66,0.0,0.0021595680863827236
JNJ,2025-07-16 17:50:00+00:00,SELL,164.635,36.0,5953.769866666694,164.635,0.0,0.001784563525504387
JNJ,2025-07-16 18:03:00+00:00,BUY,164.71,36.0,24.20986666669341,164.71,0.0,0.0005306134481030569
JNJ,2025-07-16 18:13:00+00:00,SELL,164.5,36.0,5946.209866666693,164.5,0.0,0.002480192903892525
JNJ,2025-07-16 18:38:00+00:00,BUY,164.2,36.0,35.0098666666936,164.2,0.0,0.0008133203804532002
JNJ,2025-07-16 19:02:00+00:00,SELL,164.6,36.0,5960.609866666693,164.6,0.0,0.0019090041361756285
JNJ,2025-07-16 19:04:00+00:00,BUY,164.53,36.0,37.52986666669312,164.53,0.0,0.0026857654431512983
JNJ,2025-07-16 19:07:00+00:00,SELL,164.435,36.0,5957.189866666693,164.435,0.0,0.0025679435052428845
JNJ,2025-07-16 19:21:00+00:00,BUY,164.35,36.0,40.58986666669352,164.35,0.0,0.0013237240770701574
JNJ,2025-07-16 19:37:00+00:00,SELL,164.47,36.0,5961.509866666694,164.47,0.0,0.0010370156992654473
JNJ,2025-07-16 19:43:00+00:00,BUY,164.62,36.0,35.18986666669389,164.62,0.0,0.0007995913199920041
JNJ,2025-07-16 20:01:00+00:00,SELL,164.28,36.0,5949.269866666694,164.28,0.0,0.0170859041290935
JNJ,2025-07-16 20:21:00+00:00,BUY,164.78,36.0,17.189866666693888,164.78,0.0,0.2903225806451613
JNJ,2025-07-16 20:24:00+00:00,SELL,164.5,36.0,5939.189866666694,164.5,0.0,0.1299638989169675
JNJ,2025-07-16 21:22:00+00:00,BUY,164.85,36.0,4.589866666694434,164.85,0.0,0.17647058823529413
JNJ,2025-07-16 22:50:00+00:00,SELL,164.76,36.0,5935.949866666694,164.76,0.0,0.04488778054862843
JNJ,2025-07-17 12:00:00+00:00,BUY,164.691,36.0,7.073866666693903,164.691,0.0,0.014388489208633094
JNJ,2025-07-17 12:30:00+00:00,SELL,164.35,36.0,5923.673866666693,164.35,0.0,0.24489795918367346
JNJ,2025-07-17 13:02:00+00:00,BUY,164.61,35.0,162.323866666693,164.61,0.0,0.015445719329214475
JNJ,2025-07-17 13:16:00+00:00,SELL,164.4,35.0,5916.323866666693,164.4,0.0,0.05636070853462158
JNJ,2025-07-17 14:05:00+00:00,BUY,162.94,36.0,50.48386666669285,162.94,0.0,0.0009518521456333783
JNJ,2025-07-17 14:24:00+00:00,SELL,162.9,36.0,5914.883866666693,162.9,0.0,0.0035654154699415667
JNJ,2025-07-17 14:26:00+00:00,BUY,163.23,36.0,38.60386666669365,163.23,0.0,0.001002310883425676
JNJ,2025-07-17 14:35:00+00:00,SELL,162.8558,36.0,5901.412666666693,162.8558,0.0,0.0012935680919870644
JNJ,2025-07-17 14:56:00+00:00,BUY,162.93,36.0,35.93266666669297,162.93,0.0,0.001755926251097454
JNJ,2025-07-17 15:06:00+00:00,SELL,162.61,36.0,5889.892666666694,162.61,0.0,0.0032763014197306154
JNJ,2025-07-17 15:21:00+00:00,BUY,162.64,36.0,34.85266666669486,162.64,0.0,0.0025174825174825175
JNJ,2025-07-17 15:48:00+00:00,SELL,162.785,36.0,5895.112666666695,162.785,0.0,0.00183607895139491
JNJ,2025-07-17 15:52:00+00:00,BUY,163.135,36.0,22.252666666695404,163.135,0.0,0.002488077959776073
JNJ,2025-07-17 16:13:00+00:00,SELL,163.39,36.0,5904.292666666695,163.39,0.0,0.002705139765554554
JNJ,2025-07-17 16:34:00+00:00,BUY,163.2,36.0,29.09266666669464,163.2,0.0,0.0032
JNJ,2025-07-17 16:39:00+00:00,SELL,163.1,36.0,5900.692666666694,163.1,0.0,0.0014220255964607362
JNJ,2025-07-17 16:59:00+00:00,BUY,163.3,36.0,21.892666666693916,163.3,0.0,0.0028980840444372885
JNJ,2025-07-17 17:08:00+00:00,SELL,163.115,36.0,5894.032666666694,163.115,0.0,0.004618937644341801
JNJ,2025-07-17 17:22:00+00:00,BUY,163.2,36.0,18.832666666694426,163.2,0.0,0.004013825398595161
JNJ,2025-07-17 17:54:00+00:00,SELL,163.34,36.0,5899.072666666694,163.34,0.0,0.004293381037567084
JNJ,2025-07-17 18:08:00+00:00,BUY,163.4,36.0,16.672666666693658,163.4,0.0,0.001199040767386091
JNJ,2025-07-17 18:40:00+00:00,SELL,163.725,36.0,5910.772666666693,163.725,0.0,0.0038416390993490554
JNJ,2025-07-17 19:02:00+00:00,BUY,163.6298,36.0,20.099866666693742,163.6298,0.0,0.005528255528255528
JNJ,2025-07-17 19:06:00+00:00,SELL,163.5124,36.0,5906.546266666695,163.5124,0.0,0.002673399673251151
JNJ,2025-07-17 19:31:00+00:00,BUY,163.63,36.0,15.866266666694171,163.63,0.0,0.0020842982862436313
JNJ,2025-07-17 19:48:00+00:00,SELL,163.5,36.0,5901.866266666694,163.5,0.0,0.0006550337524336324
JNJ,2025-07-17 21:34:00+00:00,BUY,163.2,36.0,26.666266666694355,163.2,0.0,0.23076923076923078
JNJ,2025-07-17 23:54:00+00:00,SELL,163.6,36.0,5916.266266666694,163.6,0.0,0.2589928057553957
JNJ,2025-07-18 13:30:00+00:00,BUY,164.04,36.0,10.82626666669421,164.04,0.0,4.962526036030696e-05
JNJ,2025-07-18 14:06:00+00:00,SELL,164.445,36.0,5930.846266666694,164.445,0.0,0.0022702907233398497
JNJ,2025-07-18 14:18:00+00:00,BUY,164.66,36.0,3.0862666666935183,164.66,0.0,0.0011811023622047244
JNJ,2025-07-18 14:34:00+00:00,SELL,164.66,36.0,5930.846266666694,164.66,0.0,0.0014545454545454545
JNJ,2025-07-18 14:57:00+00:00,BUY,164.17,36.0,20.72626666669385,164.17000000000002,-1.0231815394945443e-12,0.00557361820715281
JNJ,2025-07-18 15:14:00+00:00,SELL,164.275,36.0,5934.626266666694,164.275,0.0,0.002960282871474385
JNJ,2025-07-18 15:18:00+00:00,BUY,164.55,36.0,10.82626666669421,164.55,0.0,0.0008918617614269788
JNJ,2025-07-18 15:41:00+00:00,SELL,164.71,36.0,5940.386266666695,164.71,0.0,0.003943908851884312
JNJ,2025-07-18 16:17:00+00:00,BUY,164.295,36.0,25.76626666669472,164.295,0.0,0.00702576112412178
JNJ,2025-07-18 16:21:00+00:00,SELL,163.95,36.0,5927.966266666695,163.95,0.0,0.0025368191107039673
JNJ,2025-07-18 16:33:00+00:00,BUY,164.255,36.0,14.786266666694246,164.255,0.0,0.0031559568685894626
JNJ,2025-07-18 16:51:00+00:00,SELL,164.185,36.0,5925.446266666694,164.185,0.0,0.0031576177528286993
JNJ,2025-07-18 17:07:00+00:00,BUY,164.25,36.0,12.4462666666941,164.25,0.0,0.009235505387378143
JNJ,2025-07-18 17:18:00+00:00,SELL,164.21,36.0,5924.006266666695,164.21,0.0,0.004137931034482759
JNJ,2025-07-18 17:32:00+00:00,BUY,164.34,36.0,7.766266666694719,164.34,0.0,0.004962095106822881
JNJ,2025-07-18 17:51:00+00:00,SELL,164.255,36.0,5920.946266666695,164.255,0.0,0.0036548223350253805
JNJ,2025-07-18 18:24:00+00:00,BUY,163.9,36.0,20.546266666694464,163.9,0.0,0.004301589198231569
JNJ,2025-07-18 18:27:00+00:00,SELL,163.725,36.0,5914.646266666694,163.725,0.0,0.005046257359125316
JNJ,2025-07-18 18:48:00+00:00,BUY,163.58,36.0,25.76626666669381,163.58,0.0,0.0037356023658814985
JNJ,2025-07-18 19:35:00+00:00,SELL,163.99,36.0,5929.406266666694,163.99,0.0,0.0016047786742745063
JNJ,2025-07-18 19:38:00+00:00,BUY,164.025,36.0,24.50626666669359,164.025,0.0,0.0021294215071572223
JNJ,2025-07-18 19:41:00+00:00,SELL,163.92,36.0,5925.6262666666935,163.92,0.0,0.001552259399793032
JNJ,2025-07-18 20:30:00+00:00,BUY,164.18,36.0,15.146266666693007,164.18,0.0,0.056962025316455694
